[52133.0, 131.769, 2.0, 1.0, 0.0, 4.0]
[3324.0, 24.0, 0.0, 0.0, 6.0, 0.0]
[372000.0, 60000.0, 1856000.0, 30000.0, 0.0, 0.0]
[5.5, -1.0, 0.0, 0.0, 18.0, 3.0]
[1.0, 0.0, 3288770.0, 5897.0, 0.729318, 0.03]
[1.0, 1.0, 1654620.0, 5897.0, 0.0906824, 0.03]
[3.0, 0.0, 334270.0, 40.0, 0.18, 0.03]
[0.0, 0.0, 0.0, 0.0, 6.0, 217.0]
[0.01, 0.0, 1856000.0, 30000.0, 0.0, 0.0]
[18090.0, 0.0, 0.0, 0.0, 4.0, 0.0]
[1.0, 0.0, 0.5528, 0.11056, '', '']
[20860.0, 10.0, 0.0, 0.0, 8.0, 0.0]
[1.0, 0.0, 0.403544, 0.022112, 0.0, 0.0]
[2.6, 0.08, '', '', '', '']
[39900.0, 100.0, 0.0, 0.0, 12.0, 0.0]
[1.0, 0.0, 0.292984, 0.022112, 0.0, 0.0]
[32.0, 21.0, 0.6, 0.5, 1.0, 0.8]
[47470.0, 10.0, 0.0, 0.0, 12.0, 0.0]
[1.0, 0.0, 0.22112, 0.016584, 0.0, 0.0]
[17.0, 11.0, 0.4, 0.3, 0.4, 0.4]
[50000.0, 200.0, 0.0, 0.0, 12.0, 0.0]
[1.0, 0.0, 0.08292, 0.060808, 0.0, 0.0]
[14.0, 9.0, 0.4, 0.4, 0.3, 0.3]
[52500.0, 300.0, 0.0, 0.0, 4.0, 0.0]
[1.0, 0.0, 0.016584, 0.011056, '', '']
[74050.0, 10.0, 0.0, 0.0, 10.0, 0.0]
[1.0, 0.0, 0.375904, 0.02764, 0.0, 0.0]
[24.0, 0.8, 19.0, 3.0, '', '']
[81610.0, 10.0, 0.0, 0.0, 10.0, 0.0]
[1.0, 0.0, 0.320624, 0.016584, 0.0, 0.0]
[1.8, 0.5, 1.3, 0.3, '', '']
[86850.0, 20.0, 0.0, 0.0, 12.0, 0.0]
[1.0, 0.0, 0.044224, 0.005528, 0.0, 0.0]
[2.93, 0.09, 1.9, 0.4, 0.8, 0.4]
[88064.0, 3.0, 0.0, 0.0, 10.0, 0.0]
[1.0, 0.0, 1.32672, 0.05528, 0.0, 0.0]
[1.4, 0.5, 1.13, 0.18, '', '']
[92330.0, 30.0, 0.0, 0.0, 8.0, 0.0]
[1.0, 0.0, 0.199008, 0.044224, 0.0, 0.0]
[1.3, 1.0, '', '', '', '']
[94989.0, 2.0, 0.0, 0.0, 10.0, 0.0]
[1.0, 0.0, 2.87456, 0.05528, 0.0, 0.0]
[2.13, 0.07, 1.25, 0.16, '', '']
[97800.0, 100.0, 0.0, 0.0, 4.0, 0.0]
[1.0, 0.0, 0.132672, 0.022112, '', '']
[110230.0, 70.0, 0.0, 0.0, 4.0, 0.0]
[1.0, 0.0, 0.08292, 0.022112, '', '']
[112260.0, 150.0, 0.0, 0.0, 4.0, 0.0]
[1.0, 0.0, 0.105032, 0.044224, '', '']
[116440.0, 90.0, 0.0, 0.0, 4.0, 0.0]
[1.0, 0.0, 0.2764, 0.11056, '', '']
[119580.0, 150.0, 0.0, 0.0, 4.0, 0.0]
[1.0, 0.0, 0.11056, 0.05528, '', '']
[136640.0, 50.0, 0.0, 0.0, 4.0, 0.0]
[1.0, 0.0, 0.154784, 0.044224, '', '']
[150800.0, 20.0, 0.0, 0.0, 12.0, 0.0]
[1.0, 0.0, 0.33168, 0.11056, 0.0, 0.0]
[0.33, 0.09, 0.26, 0.06, 0.05, 0.03]
[150800.0, 20.0, 0.0, 0.0, 4.0, 0.0]
[1.0, 0.0, 0.66336, 0.05528, '', '']
[157600.0, 100.0, 0.0, 0.0, 4.0, 0.0]
[1.0, 0.0, 0.11056, 0.02764, '', '']
[164400.0, 10.0, 0.0, 0.0, 12.0, 0.0]
[1.0, 0.0, 0.9674, 0.049752, 0.0, 0.0]
[0.25, 0.06, 0.2, 0.04, 0.038, 0.017]
[169025.0, 5.0, 0.0, 0.0, 12.0, 0.0]
[1.0, 0.0, 5.2516, 0.11056, 0.0, 0.0]
[0.0471, 0.0015, 0.0407, 0.002, 0.00515, 0.0]
[176900.0, 500.0, 0.0, 0.0, 4.0, 0.0]
[1.0, 0.0, 0.22112, 0.11056, '', '']
[177200.0, 200.0, 0.0, 0.0, 4.0, 0.0]
[1.0, 0.0, 0.22112, 0.05528, '', '']
[178000.0, 200.0, 0.0, 0.0, 4.0, 0.0]
[1.0, 0.0, 0.33168, 0.11056, '', '']
[184770.0, 100.0, 0.0, 0.0, 4.0, 0.0]
[1.0, 0.0, 0.16584, 0.05528, '', '']
[193390.0, 20.0, 0.0, 0.0, 4.0, 0.0]
[1.0, 0.0, 0.591496, 0.02764, '', '']
[198180.0, 80.0, 0.0, 0.0, 4.0, 0.0]
[1.0, 0.0, 0.16584, 0.11056, '', '']
[200650.0, 80.0, 0.0, 0.0, 4.0, 0.0]
[1.0, 0.0, 0.44224, 0.11056, '', '']
[201000.0, 100.0, 0.0, 0.0, 4.0, 0.0]
[1.0, 0.0, 0.16584, 0.05528, '', '']
[213480.0, 10.0, 0.0, 0.0, 4.0, 0.0]
[1.0, 0.0, 2.15592, 0.05528, '', '']
[214000.0, 100.0, 0.0, 0.0, 4.0, 0.0]
[1.0, 0.0, 0.22112, 0.05528, '', '']
[221100.0, 100.0, 0.0, 0.0, 4.0, 0.0]
[1.0, 0.0, 0.237704, 0.049752, '', '']
[224210.0, 70.0, 0.0, 0.0, 4.0, 0.0]
[1.0, 0.0, 0.16584, 0.05528, '', '']
[230100.0, 200.0, 0.0, 0.0, 4.0, 0.0]
[1.0, 0.0, 0.2764, 0.11056, '', '']
[235000.0, 100.0, 0.0, 0.0, 4.0, 0.0]
[1.0, 0.0, 0.16584, 0.05528, '', '']
[240900.0, 200.0, 0.0, 0.0, 4.0, 0.0]
[1.0, 0.0, 0.33168, 0.11056, '', '']
[244410.0, 60.0, 0.0, 0.0, 4.0, 0.0]
[1.0, 0.0, 0.33168, 0.05528, '', '']
[248900.0, 500.0, 0.0, 0.0, 4.0, 0.0]
[1.0, 0.0, 0.033168, 0.011056, '', '']
[251380.0, 130.0, 0.0, 0.0, 4.0, 0.0]
[1.0, 0.0, 0.2764, 0.05528, '', '']
[257820.0, 40.0, 0.0, 0.0, 4.0, 0.0]
[1.0, 0.0, 0.44224, 0.05528, '', '']
[261626.0, 7.0, 0.0, 0.0, 4.0, 0.0]
[1.0, 0.0, 7.84976, 0.11056, '', '']
[278000.0, 110.0, 0.0, 0.0, 4.0, 0.0]
[1.0, 0.0, 0.5528, 0.11056, '', '']
[281200.0, 500.0, 0.0, 0.0, 4.0, 0.0]
[1.0, 0.0, 0.11056, 0.05528, '', '']
[284500.0, 300.0, 0.0, 0.0, 4.0, 0.0]
[1.0, 0.0, 0.22112, 0.11056, '', '']
[294820.0, 130.0, 0.0, 0.0, 4.0, 0.0]
[1.0, 0.0, 0.22112, 0.05528, '', '']
[307900.0, 100.0, 0.0, 0.0, 4.0, 0.0]
[1.0, 0.0, 0.2764, 0.05528, '', '']
[312072.0, 3.0, 0.0, 0.0, 4.0, 0.0]
[1.0, 0.0, 2.2112, 0.16584, '', '']
[314240.0, 160.0, 0.0, 0.0, 4.0, 0.0]
[1.0, 0.0, 0.38696, 0.05528, '', '']
[318800.0, 500.0, 0.0, 0.0, 4.0, 0.0]
[1.0, 0.0, 0.22112, 0.11056, '', '']
[322400.0, 200.0, 0.0, 0.0, 4.0, 0.0]
[1.0, 0.0, 0.11056, 0.05528, '', '']
[326000.0, 400.0, 0.0, 0.0, 4.0, 0.0]
[1.0, 0.0, 0.2764, 0.11056, '', '']
[334245.0, 5.0, 0.0, 0.0, 4.0, 0.0]
[1.0, 0.0, 3.3168, 0.11056, '', '']
[334270.0, 40.0, 0.0, 0.0, 12.0, 0.0]
[3.0, 0.0, 7.29696, 0.0, 0.0, 0.0]
[1.43, 0.05, 1.11, 0.04, 0.257, 0.008]
[342800.0, 300.0, 0.0, 0.0, 4.0, 0.0]
[1.0, 0.0, 0.49752, 0.05528, '', '']
[344390.0, 50.0, 0.0, 0.0, 4.0, 0.0]
[1.0, 0.0, 0.71864, 0.11056, '', '']
[345600.0, 400.0, 0.0, 0.0, 4.0, 0.0]
[1.0, 0.0, 0.22112, 0.16584, '', '']
[347310.0, 40.0, 0.0, 0.0, 4.0, 0.0]
[1.0, 0.0, 0.66336, 0.05528, '', '']
[355400.0, 100.0, 0.0, 0.0, 4.0, 0.0]
[1.0, 0.0, 0.646776, 0.038696, '', '']
[360800.0, 600.0, 0.0, 0.0, 4.0, 0.0]
[1.0, 0.0, 0.044224, 0.033168, '', '']
[363060.0, 70.0, 0.0, 0.0, 4.0, 0.0]
[1.0, 0.0, 0.49752, 0.05528, '', '']
[367900.0, 200.0, 0.0, 0.0, 4.0, 0.0]
[1.0, 0.0, 0.22112, 0.05528, '', '']
[368500.0, 200.0, 0.0, 0.0, 4.0, 0.0]
[1.0, 0.0, 0.11056, 0.05528, '', '']
[369300.0, 200.0, 0.0, 0.0, 4.0, 0.0]
[1.0, 0.0, 0.11056, 0.05528, '', '']
[376800.0, 100.0, 0.0, 0.0, 4.0, 0.0]
[1.0, 0.0, 0.22112, 0.05528, '', '']
[384000.0, 700.0, 0.0, 0.0, 4.0, 0.0]
[1.0, 0.0, 0.16584, 0.11056, '', '']
[392000.0, 200.0, 0.0, 0.0, 4.0, 0.0]
[1.0, 0.0, 0.11056, 0.05528, '', '']
[396970.0, 40.0, 0.0, 0.0, 4.0, 0.0]
[1.0, 0.0, 0.71864, 0.05528, '', '']
[406000.0, 100.0, 0.0, 0.0, 4.0, 0.0]
[1.0, 0.0, 0.38696, 0.05528, '', '']
[413200.0, 200.0, 0.0, 0.0, 4.0, 0.0]
[1.0, 0.0, 0.66336, 0.05528, '', '']
[415000.0, 0.0, 0.0, 0.0, 4.0, 0.0]
[1.0, 0.0, 0.11056, 0.05528, '', '']
[429030.0, 50.0, 0.0, 0.0, 4.0, 0.0]
[1.0, 0.0, 2.2112, 0.11056, '', '']
[435280.0, 50.0, 0.0, 0.0, 4.0, 0.0]
[1.0, 0.0, 1.21616, 0.16584, '', '']
[444940.0, 20.0, 0.0, 0.0, 4.0, 0.0]
[1.0, 0.0, 2.04536, 0.11056, '', '']
[458000.0, 700.0, 0.0, 0.0, 4.0, 0.0]
[1.0, 0.0, 0.11056, 0.05528, '', '']
[462230.0, 30.0, 0.0, 0.0, 4.0, 0.0]
[1.0, 0.0, 1.54784, 0.22112, '', '']
[464000.0, 500.0, 0.0, 0.0, 4.0, 0.0]
[1.0, 0.0, 0.2764, 0.16584, '', '']
[471870.0, 40.0, 0.0, 0.0, 4.0, 0.0]
[1.0, 0.0, 0.8292, 0.11056, '', '']
[474700.0, 400.0, 0.0, 0.0, 4.0, 0.0]
[1.0, 0.0, 0.11056, 0.05528, '', '']
[478620.0, 60.0, 0.0, 0.0, 4.0, 0.0]
[1.0, 0.0, 0.93976, 0.16584, '', '']
[487400.0, 60.0, 0.0, 0.0, 4.0, 0.0]
[1.0, 0.0, 0.5528, 0.11056, '', '']
[492960.0, 150.0, 0.0, 0.0, 4.0, 0.0]
[1.0, 0.0, 0.77392, 0.11056, '', '']
[495000.0, 100.0, 0.0, 0.0, 4.0, 0.0]
[1.0, 0.0, 0.19348, 0.022112, '', '']
[507200.0, 300.0, 0.0, 0.0, 4.0, 0.0]
[1.0, 0.0, 0.44224, 0.11056, '', '']
[519700.0, 100.0, 0.0, 0.0, 4.0, 0.0]
[1.0, 0.0, 0.2764, 0.11056, '', '']
[525630.0, 140.0, 0.0, 0.0, 4.0, 0.0]
[1.0, 0.0, 0.2764, 0.11056, '', '']
[532400.0, 50.0, 0.0, 0.0, 4.0, 0.0]
[1.0, 0.0, 0.88448, 0.05528, '', '']
[534880.0, 40.0, 0.0, 0.0, 4.0, 0.0]
[1.0, 0.0, 1.05032, 0.11056, '', '']
[540300.0, 200.0, 0.0, 0.0, 4.0, 0.0]
[1.0, 0.0, 0.2764, 0.11056, '', '']
[555000.0, 200.0, 0.0, 0.0, 4.0, 0.0]
[1.0, 0.0, 0.11056, 0.05528, '', '']
[565300.0, 500.0, 0.0, 0.0, 4.0, 0.0]
[1.0, 0.0, 0.066336, 0.02764, '', '']
[574100.0, 0.0, 0.0, 0.0, 4.0, 0.0]
[1.0, 0.0, 0.71864, 0.11056, '', '']
[574110.0, 30.0, 0.0, 0.0, 4.0, 0.0]
[1.0, 0.0, 1.21616, 0.05528, '', '']
[581380.0, 150.0, 0.0, 0.0, 4.0, 0.0]
[1.0, 0.0, 0.49752, 0.11056, '', '']
[586400.0, 300.0, 0.0, 0.0, 4.0, 0.0]
[1.0, 0.0, 0.2764, 0.11056, '', '']
[601500.0, 200.0, 0.0, 0.0, 4.0, 0.0]
[1.0, 0.0, 0.127144, 0.016584, '', '']
[602100.0, 200.0, 0.0, 0.0, 4.0, 0.0]
[1.0, 0.0, 0.016584, 0.005528, '', '']
[605110.0, 40.0, 0.0, 0.0, 4.0, 0.0]
[1.0, 0.0, 1.27144, 0.05528, '', '']
[607300.0, 800.0, 0.0, 0.0, 4.0, 0.0]
[1.0, 0.0, 0.16584, 0.11056, '', '']
[621300.0, 500.0, 0.0, 0.0, 4.0, 0.0]
[1.0, 0.0, 0.49752, 0.22112, '', '']
[623300.0, 200.0, 0.0, 0.0, 4.0, 0.0]
[1.0, 0.0, 0.2764, 0.11056, '', '']
[629000.0, 100.0, 0.0, 0.0, 4.0, 0.0]
[1.0, 0.0, 0.33168, 0.11056, '', '']
[632000.0, 400.0, 0.0, 0.0, 4.0, 0.0]
[1.0, 0.0, 0.2764, 0.11056, '', '']
[636500.0, 400.0, 0.0, 0.0, 4.0, 0.0]
[1.0, 0.0, 0.22112, 0.11056, '', '']
[642330.0, 90.0, 0.0, 0.0, 4.0, 0.0]
[1.0, 0.0, 0.88448, 0.11056, '', '']
[647510.0, 20.0, 0.0, 0.0, 4.0, 0.0]
[1.0, 0.0, 19.4033, 0.33168, '', '']
[653300.0, 600.0, 0.0, 0.0, 4.0, 0.0]
[1.0, 0.0, 0.60808, 0.22112, '', '']
[663200.0, 200.0, 0.0, 0.0, 4.0, 0.0]
[1.0, 0.0, 0.11056, 0.044224, '', '']
[681000.0, 100.0, 0.0, 0.0, 4.0, 0.0]
[1.0, 0.0, 0.11056, 0.05528, '', '']
[698100.0, 100.0, 0.0, 0.0, 4.0, 0.0]
[1.0, 0.0, 0.93976, 0.16584, '', '']
[702910.0, 40.0, 0.0, 0.0, 4.0, 0.0]
[1.0, 0.0, 2.43232, 0.16584, '', '']
[710400.0, 100.0, 0.0, 0.0, 4.0, 0.0]
[1.0, 0.0, 0.71864, 0.16584, '', '']
[718900.0, 200.0, 0.0, 0.0, 4.0, 0.0]
[1.0, 0.0, 0.8292, 0.22112, '', '']
[723500.0, 200.0, 0.0, 0.0, 4.0, 0.0]
[1.0, 0.0, 0.2764, 0.11056, '', '']
[724000.0, 1000.0, 0.0, 0.0, 4.0, 0.0]
[1.0, 0.0, 0.11056, 0.05528, '', '']
[731880.0, 10.0, 0.0, 0.0, 4.0, 0.0]
[1.0, 0.0, 0.60808, 0.11056, '', '']
[734000.0, 40.0, 0.0, 0.0, 4.0, 0.0]
[1.0, 0.0, 1.76896, 0.11056, '', '']
[734100.0, 100.0, 0.0, 0.0, 4.0, 0.0]
[1.0, 0.0, 0.071864, 0.038696, '', '']
[739790.0, 150.0, 0.0, 0.0, 4.0, 0.0]
[1.0, 0.0, 0.60808, 0.16584, '', '']
[742900.0, 200.0, 0.0, 0.0, 4.0, 0.0]
[1.0, 0.0, 0.38696, 0.11056, '', '']
[753300.0, 200.0, 0.0, 0.0, 4.0, 0.0]
[1.0, 0.0, 0.33168, 0.11056, '', '']
[756800.0, 400.0, 0.0, 0.0, 4.0, 0.0]
[1.0, 0.0, 0.33168, 0.11056, '', '']
[779670.0, 40.0, 0.0, 0.0, 4.0, 0.0]
[1.0, 0.0, 1.76896, 0.16584, '', '']
[782110.0, 130.0, 0.0, 0.0, 4.0, 0.0]
[1.0, 0.0, 0.33168, 0.05528, '', '']
[789700.0, 300.0, 0.0, 0.0, 4.0, 0.0]
[1.0, 0.0, 0.44224, 0.11056, '', '']
[791700.0, 900.0, 0.0, 0.0, 4.0, 0.0]
[1.0, 0.0, 0.11056, 0.11056, '', '']
[792600.0, 900.0, 0.0, 0.0, 4.0, 0.0]
[1.0, 0.0, 0.11056, 0.11056, '', '']
[792900.0, 900.0, 0.0, 0.0, 4.0, 0.0]
[1.0, 0.0, 0.11056, 0.11056, '', '']
[794700.0, 900.0, 0.0, 0.0, 4.0, 0.0]
[1.0, 0.0, 1.05032, 0.2764, '', '']
[795900.0, 900.0, 0.0, 0.0, 4.0, 0.0]
[1.0, 0.0, 0.11056, 0.11056, '', '']
[800540.0, 50.0, 0.0, 0.0, 4.0, 0.0]
[1.0, 0.0, 1.1056, 0.2764, '', '']
[805100.0, 300.0, 0.0, 0.0, 4.0, 0.0]
[1.0, 0.0, 0.16584, 0.05528, '', '']
[816340.0, 80.0, 0.0, 0.0, 4.0, 0.0]
[1.0, 0.0, 0.77392, 0.05528, '', '']
[819300.0, 300.0, 0.0, 0.0, 4.0, 0.0]
[1.0, 0.0, 0.16584, 0.11056, '', '']
[827050.0, 90.0, 0.0, 0.0, 4.0, 0.0]
[1.0, 0.0, 0.5528, 0.11056, '', '']
[851700.0, 500.0, 0.0, 0.0, 4.0, 0.0]
[1.0, 0.0, 0.11056, 0.05528, '', '']
[859000.0, 1000.0, 0.0, 0.0, 4.0, 0.0]
[1.0, 0.0, 0.11056, 0.05528, '', '']
[863955.0, 9.0, 0.0, 0.0, 4.0, 0.0]
[1.0, 0.0, 15.6442, 0.33168, '', '']
[882700.0, 50.0, 0.0, 0.0, 4.0, 0.0]
[1.0, 0.0, 2.2112, 0.16584, '', '']
[884800.0, 60.0, 0.0, 0.0, 4.0, 0.0]
[1.0, 0.0, 0.99504, 0.16584, '', '']
[884800.0, 60.0, 0.0, 0.0, 4.0, 0.0]
[1.0, 0.0, 0.99504, 0.16584, '', '']
[888530.0, 150.0, 0.0, 0.0, 4.0, 0.0]
[1.0, 0.0, 0.8292, 0.16584, '', '']
[889900.0, 300.0, 0.0, 0.0, 4.0, 0.0]
[1.0, 0.0, 0.2764, 0.05528, '', '']
[891400.0, 100.0, 0.0, 0.0, 4.0, 0.0]
[1.0, 0.0, 1.05032, 0.16584, '', '']
[912671.0, 4.0, 0.0, 0.0, 4.0, 0.0]
[1.0, 0.0, 55.28, 0.16584, '', '']
[914774.0, 12.0, 0.0, 0.0, 4.0, 0.0]
[1.0, 0.0, 10.9454, 0.22112, '', '']
[945200.0, 200.0, 0.0, 0.0, 4.0, 0.0]
[1.0, 0.0, 0.60808, 0.11056, '', '']
[949200.0, 300.0, 0.0, 0.0, 4.0, 0.0]
[1.0, 0.0, 0.66336, 0.16584, '', '']
[970500.0, 200.0, 0.0, 0.0, 4.0, 0.0]
[1.0, 0.0, 0.33168, 0.16584, '', '']
[972640.0, 110.0, 0.0, 0.0, 4.0, 0.0]
[1.0, 0.0, 0.5528, 0.16584, '', '']
[978300.0, 40.0, 0.0, 0.0, 4.0, 0.0]
[1.0, 0.0, 4.86464, 0.16584, '', '']
[980260.0, 50.0, 0.0, 0.0, 4.0, 0.0]
[1.0, 0.0, 1.49256, 0.16584, '', '']
[995090.0, 20.0, 0.0, 0.0, 4.0, 0.0]
[1.0, 0.0, 0.49752, 0.16584, '', '']
[996100.0, 300.0, 0.0, 0.0, 4.0, 0.0]
[1.0, 0.0, 0.38696, 0.2764, '', '']
[1007500.0, 200.0, 0.0, 0.0, 4.0, 0.0]
[1.0, 0.0, 0.66336, 0.16584, '', '']
[1015100.0, 300.0, 0.0, 0.0, 4.0, 0.0]
[1.0, 0.0, 0.11056, 0.05528, '', '']
[1029880.0, 60.0, 0.0, 0.0, 4.0, 0.0]
[1.0, 0.0, 1.21616, 0.16584, '', '']
[1035500.0, 100.0, 0.0, 0.0, 4.0, 0.0]
[1.0, 0.0, 0.11056, 0.05528, '', '']
[1053700.0, 300.0, 0.0, 0.0, 4.0, 0.0]
[1.0, 0.0, 0.16584, 0.05528, '', '']
[1059800.0, 500.0, 0.0, 0.0, 4.0, 0.0]
[1.0, 0.0, 0.05528, 0.05528, '', '']
[1061890.0, 60.0, 0.0, 0.0, 4.0, 0.0]
[1.0, 0.0, 1.6584, 0.16584, '', '']
[1078130.0, 150.0, 0.0, 0.0, 4.0, 0.0]
[1.0, 0.0, 0.16584, 0.11056, '', '']
[1079630.0, 140.0, 0.0, 0.0, 4.0, 0.0]
[1.0, 0.0, 0.5528, 0.11056, '', '']
[1090500.0, 200.0, 0.0, 0.0, 4.0, 0.0]
[1.0, 0.0, 0.11056, 0.05528, '', '']
[1098400.0, 200.0, 0.0, 0.0, 4.0, 0.0]
[1.0, 0.0, 0.88448, 0.22112, '', '']
[1103900.0, 300.0, 0.0, 0.0, 4.0, 0.0]
[1.0, 0.0, 0.11056, 0.05528, '', '']
[1134880.0, 150.0, 0.0, 0.0, 4.0, 0.0]
[1.0, 0.0, 0.33168, 0.11056, '', '']
[1137300.0, 500.0, 0.0, 0.0, 4.0, 0.0]
[1.0, 0.0, 0.2764, 0.16584, '', '']
[1142740.0, 90.0, 0.0, 0.0, 4.0, 0.0]
[1.0, 0.0, 1.32672, 0.22112, '', '']
[1174000.0, 500.0, 0.0, 0.0, 4.0, 0.0]
[1.0, 0.0, 0.38696, 0.11056, '', '']
[1198000.0, 1000.0, 0.0, 0.0, 4.0, 0.0]
[1.0, 0.0, 0.22112, 0.11056, '', '']
[1204200.0, 200.0, 0.0, 0.0, 4.0, 0.0]
[1.0, 0.0, 0.22112, 0.05528, '', '']
[1227500.0, 800.0, 0.0, 0.0, 4.0, 0.0]
[1.0, 0.0, 0.16584, 0.11056, '', '']
[1229600.0, 300.0, 0.0, 0.0, 4.0, 0.0]
[1.0, 0.0, 0.22112, 0.11056, '', '']
[1252000.0, 200.0, 0.0, 0.0, 4.0, 0.0]
[1.0, 0.0, 0.33168, 0.11056, '', '']
[1299200.0, 200.0, 0.0, 0.0, 4.0, 0.0]
[1.0, 0.0, 0.16584, 0.11056, '', '']
[1307200.0, 200.0, 0.0, 0.0, 4.0, 0.0]
[1.0, 0.0, 0.38696, 0.05528, '', '']
[1334000.0, 1000.0, 0.0, 0.0, 4.0, 0.0]
[1.0, 0.0, 0.2764, 0.22112, '', '']
[1348870.0, 50.0, 0.0, 0.0, 4.0, 0.0]
[1.0, 0.0, 1.49256, 0.05528, '', '']
[1372300.0, 500.0, 0.0, 0.0, 4.0, 0.0]
[1.0, 0.0, 0.2764, 0.11056, '', '']
[1392300.0, 500.0, 0.0, 0.0, 4.0, 0.0]
[1.0, 0.0, 0.11056, 0.05528, '', '']
[1405000.0, 900.0, 0.0, 0.0, 4.0, 0.0]
[1.0, 0.0, 0.11056, 0.05528, '', '']
[1455000.0, 100.0, 0.0, 0.0, 4.0, 0.0]
[1.0, 0.0, 0.71864, 0.16584, '', '']
[1456000.0, 0.0, 0.0, 0.0, 4.0, 0.0]
[1.0, 0.0, 0.11056, 0.11056, '', '']
[1458900.0, 200.0, 0.0, 0.0, 4.0, 0.0]
[1.0, 0.0, 0.16584, 0.05528, '', '']
[1506200.0, 800.0, 0.0, 0.0, 4.0, 0.0]
[1.0, 0.0, 0.2764, 0.11056, '', '']
[1516260.0, 80.0, 0.0, 0.0, 4.0, 0.0]
[1.0, 0.0, 1.27144, 0.16584, '', '']
[1537000.0, 800.0, 0.0, 0.0, 4.0, 0.0]
[1.0, 0.0, 0.088448, 0.02764, '', '']
[1552000.0, 1000.0, 0.0, 0.0, 4.0, 0.0]
[1.0, 0.0, 0.16584, 0.11056, '', '']
[1570000.0, 300.0, 0.0, 0.0, 4.0, 0.0]
[1.0, 0.0, 0.11056, 0.05528, '', '']
[1573500.0, 200.0, 0.0, 0.0, 4.0, 0.0]
[1.0, 0.0, 0.2764, 0.11056, '', '']
[1581000.0, 800.0, 0.0, 0.0, 4.0, 0.0]
[1.0, 0.0, 0.16584, 0.11056, '', '']
[1587660.0, 60.0, 0.0, 0.0, 4.0, 0.0]
[1.0, 0.0, 1.43728, 0.16584, '', '']
[1643600.0, 500.0, 0.0, 0.0, 4.0, 0.0]
[1.0, 0.0, 0.33168, 0.11056, '', '']
[1646200.0, 300.0, 0.0, 0.0, 4.0, 0.0]
[1.0, 0.0, 0.2764, 0.11056, '', '']
[1683230.0, 20.0, 0.0, 0.0, 4.0, 0.0]
[1.0, 0.0, 4.146, 0.11056, '', '']
[1693300.0, 300.0, 0.0, 0.0, 4.0, 0.0]
[1.0, 0.0, 0.011056, 0.005528, '', '']
[1704400.0, 100.0, 0.0, 0.0, 4.0, 0.0]
[1.0, 0.0, 0.71864, 0.05528, '', '']
[1773200.0, 100.0, 0.0, 0.0, 4.0, 0.0]
[1.0, 0.0, 0.66336, 0.05528, '', '']
[1797500.0, 200.0, 0.0, 0.0, 4.0, 0.0]
[1.0, 0.0, 0.176896, 0.044224, '', '']
[1870800.0, 100.0, 0.0, 0.0, 4.0, 0.0]
[1.0, 0.0, 0.5528, 0.11056, '', '']
[1881200.0, 200.0, 0.0, 0.0, 4.0, 0.0]
[1.0, 0.0, 0.22112, 0.05528, '', '']
[1885620.0, 70.0, 0.0, 0.0, 4.0, 0.0]
[1.0, 0.0, 0.99504, 0.11056, '', '']
[1892980.0, 80.0, 0.0, 0.0, 4.0, 0.0]
[1.0, 0.0, 0.154784, 0.038696, '', '']
[1914000.0, 1000.0, 0.0, 0.0, 4.0, 0.0]
[1.0, 0.0, 0.05528, 0.044224, '', '']
[1967800.0, 200.0, 0.0, 0.0, 4.0, 0.0]
[1.0, 0.0, 0.16584, 0.05528, '', '']
[1974600.0, 200.0, 0.0, 0.0, 4.0, 0.0]
[1.0, 0.0, 0.038696, 0.011056, '', '']
[2005330.0, 90.0, 0.0, 0.0, 4.0, 0.0]
[1.0, 0.0, 3.37208, 0.22112, '', '']
[2016000.0, 1000.0, 0.0, 0.0, 4.0, 0.0]
[1.0, 0.0, 0.044224, 0.022112, '', '']
[2049660.0, 60.0, 0.0, 0.0, 4.0, 0.0]
[1.0, 0.0, 1.21616, 0.11056, '', '']
[2062000.0, 1000.0, 0.0, 0.0, 4.0, 0.0]
[1.0, 0.0, 0.099504, 0.02764, '', '']
[2144400.0, 500.0, 0.0, 0.0, 4.0, 0.0]
[1.0, 0.0, 0.066336, 0.016584, '', '']
[2482500.0, 400.0, 0.0, 0.0, 4.0, 0.0]
[1.0, 0.0, 0.066336, 0.022112, '', '']
[2826300.0, 400.0, 0.0, 0.0, 4.0, 0.0]
[1.0, 0.0, 0.1382, 0.033168, '', '']
[2968100.0, 400.0, 0.0, 0.0, 4.0, 0.0]
[1.0, 0.0, 0.11056, 0.016584, '', '']
[3051300.0, 400.0, 0.0, 0.0, 4.0, 0.0]
[1.0, 0.0, 0.320624, 0.022112, '', '']
[0.0, 1.0, 0.0, 0.0, 6.0, 43.0]
[0.01, 0.0, 330000.0, 60000.0, 0.0, 0.0]
[200000.0, 70000.0, 0.0, 0.0, 4.0, 0.0]
[1.0, 1.0, 1.47, 0.15, '', '']
[230000.0, 70000.0, 0.0, 0.0, 4.0, 0.0]
[1.0, 1.0, 0.77, 0.18, '', '']
[280000.0, 70000.0, 0.0, 0.0, 4.0, 0.0]
[1.0, 1.0, 0.27, 0.13, '', '']
[290000.0, 70000.0, 0.0, 0.0, 4.0, 0.0]
[1.0, 1.0, 0.11, 0.02, '', '']
[370000.0, 70000.0, 0.0, 0.0, 4.0, 0.0]
[1.0, 1.0, 0.9, 0.2, '', '']
[430000.0, 70000.0, 0.0, 0.0, 4.0, 0.0]
[1.0, 1.0, 0.8, 0.2, '', '']
[450000.0, 70000.0, 0.0, 0.0, 4.0, 0.0]
[1.0, 1.0, 0.66, 0.11, '', '']
[470000.0, 70000.0, 0.0, 0.0, 4.0, 0.0]
[1.0, 1.0, 1.3, 0.3, '', '']
[570000.0, 70000.0, 0.0, 0.0, 4.0, 0.0]
[1.0, 1.0, 2.8, 0.4, '', '']
[660000.0, 70000.0, 0.0, 0.0, 4.0, 0.0]
[1.0, 1.0, 16.9, 0.9, '', '']
[700000.0, 70000.0, 0.0, 0.0, 4.0, 0.0]
[1.0, 1.0, 4.5, 0.5, '', '']
[740000.0, 70000.0, 0.0, 0.0, 4.0, 0.0]
[1.0, 1.0, 0.9, 0.4, '', '']
[750000.0, 70000.0, 0.0, 0.0, 4.0, 0.0]
[1.0, 1.0, 0.94, 0.14, '', '']
[750000.0, 70000.0, 0.0, 0.0, 4.0, 0.0]
[1.0, 1.0, 1.7, 0.4, '', '']
[770000.0, 70000.0, 0.0, 0.0, 4.0, 0.0]
[1.0, 1.0, 0.6, 0.2, '', '']
[790000.0, 70000.0, 0.0, 0.0, 4.0, 0.0]
[1.0, 1.0, 3.2, 0.4, '', '']
[810000.0, 70000.0, 0.0, 0.0, 4.0, 0.0]
[1.0, 1.0, 1.1, 0.3, '', '']
[830000.0, 70000.0, 0.0, 0.0, 4.0, 0.0]
[1.0, 1.0, 0.33, 0.12, '', '']
[840000.0, 70000.0, 0.0, 0.0, 4.0, 0.0]
[1.0, 1.0, 0.61, 0.15, '', '']
[880000.0, 70000.0, 0.0, 0.0, 4.0, 0.0]
[1.0, 1.0, 5.9, 0.4, '', '']
[990000.0, 70000.0, 0.0, 0.0, 4.0, 0.0]
[1.0, 1.0, 0.9, 0.3, '', '']
[1010000.0, 70000.0, 0.0, 0.0, 4.0, 0.0]
[1.0, 1.0, 1.1, 0.3, '', '']
[1040000.0, 70000.0, 0.0, 0.0, 4.0, 0.0]
[1.0, 1.0, 1.3, 0.3, '', '']
[1110000.0, 70000.0, 0.0, 0.0, 4.0, 0.0]
[1.0, 1.0, 1.6, 0.2, '', '']
[1200000.0, 70000.0, 0.0, 0.0, 4.0, 0.0]
[1.0, 1.0, 1.6, 0.4, '', '']
[1250000.0, 70000.0, 0.0, 0.0, 4.0, 0.0]
[1.0, 1.0, 2.6, 0.4, '', '']
[1260000.0, 70000.0, 0.0, 0.0, 4.0, 0.0]
[1.0, 1.0, 5.4, 0.4, '', '']
[1280000.0, 70000.0, 0.0, 0.0, 4.0, 0.0]
[1.0, 1.0, 0.5, 0.4, '', '']
[1310000.0, 70000.0, 0.0, 0.0, 4.0, 0.0]
[1.0, 1.0, 0.9, 0.6, '', '']
[1360000.0, 70000.0, 0.0, 0.0, 4.0, 0.0]
[1.0, 1.0, 0.3, 0.3, '', '']
[1370000.0, 70000.0, 0.0, 0.0, 4.0, 0.0]
[1.0, 1.0, 3.0, 0.5, '', '']
[1460000.0, 70000.0, 0.0, 0.0, 4.0, 0.0]
[1.0, 1.0, 0.3, 0.3, '', '']
[1480000.0, 70000.0, 0.0, 0.0, 4.0, 0.0]
[1.0, 1.0, 7.1, 0.8, '', '']
[1550000.0, 70000.0, 0.0, 0.0, 4.0, 0.0]
[1.0, 1.0, 0.2, 0.2, '', '']
[1550000.0, 70000.0, 0.0, 0.0, 4.0, 0.0]
[1.0, 1.0, 0.2, 0.2, '', '']
[1610000.0, 70000.0, 0.0, 0.0, 4.0, 0.0]
[1.0, 1.0, 1.4, 0.4, '', '']
[1690000.0, 70000.0, 0.0, 0.0, 4.0, 0.0]
[1.0, 2.0, 2.3, 0.9, '', '']
[1740000.0, 70000.0, 0.0, 0.0, 4.0, 0.0]
[1.0, 1.0, 0.5, 0.3, '', '']
[1800000.0, 70000.0, 0.0, 0.0, 4.0, 0.0]
[1.0, 2.0, 1.0, 0.4, '', '']
[1950000.0, 70000.0, 0.0, 0.0, 4.0, 0.0]
[1.0, 2.0, 0.15, 0.15, '', '']
[2340000.0, 70000.0, 0.0, 0.0, 4.0, 0.0]
[1.0, 1.0, 0.9, 0.6, '', '']
[2340000.0, 70000.0, 0.0, 0.0, 4.0, 0.0]
[1.0, 1.0, 1.0, 0.9, '', '']
[3250000.0, 70000.0, 0.0, 0.0, 4.0, 0.0]
[1.0, 2.0, 4.0, 4.0, '', '']
[0.0, 8.0, 0.0, 0.0, 6.0, 49.0]
[0.01, 0.0, 43600.0, 5000.0, 0.0, 0.0]
[3190.0, 0.0, 0.0, 0.0, 4.0, 0.0]
[3.0, 0.0, 8.2, 1.3, '', '']
[3310.0, 0.0, 0.0, 0.0, 4.0, 0.0]
[1.0, 0.0, 11.3, 1.4, '', '']
[6730.0, 100.0, 0.0, 0.0, 4.0, 0.0]
[1.0, 0.0, 0.18, 0.11, '', '']
[14301.0, 10.0, 0.0, 0.0, 4.0, 0.0]
[1.0, 0.0, 0.09, 0.06, '', '']
[16830.0, 200.0, 0.0, 0.0, 4.0, 0.0]
[1.0, 0.0, 0.03, 0.03, '', '']
[22700.0, 0.0, 0.0, 0.0, 4.0, 0.0]
[3.0, 0.0, 0.99, 0.18, '', '']
[23600.0, 0.0, 0.0, 0.0, 4.0, 0.0]
[1.0, 0.0, 1.55, 0.17, '', '']
[34710.0, 100.0, 0.0, 0.0, 4.0, 0.0]
[1.0, 0.0, 0.28, 0.17, '', '']
[38830.0, 100.0, 0.0, 0.0, 4.0, 0.0]
[1.0, 0.0, 0.06, 0.04, '', '']
[40881.0, 10.0, 0.0, 0.0, 4.0, 0.0]
[1.0, 0.0, 7.0, 1.4, '', '']
[42282.0, 10.0, 0.0, 0.0, 4.0, 0.0]
[1.0, 0.0, 0.09, 0.06, '', '']
[44810.0, 200.0, 0.0, 0.0, 4.0, 0.0]
[1.0, 0.0, 0.026, 0.024, '', '']
[46398.0, 10.0, 0.0, 0.0, 4.0, 0.0]
[1.0, 0.0, 0.02, 0.012, '', '']
[48441.0, 10.0, 0.0, 0.0, 4.0, 0.0]
[1.0, 0.0, 0.42, 0.11, '', '']
[48930.0, 200.0, 0.0, 0.0, 4.0, 0.0]
[1.0, 0.0, 0.005, 0.005, '', '']
[53681.0, 20.0, 0.0, 0.0, 4.0, 0.0]
[1.0, 0.0, 0.083, 0.018, '', '']
[54895.0, 3.0, 0.0, 0.0, 4.0, 0.0]
[1.0, 0.0, 1.5, 0.3, '', '']
[61819.6, 2.1, 0.0, 0.0, 4.0, 0.0]
[1.0, 0.0, 3.6, 0.5, '', '']
[68862.0, 10.0, 0.0, 0.0, 4.0, 0.0]
[1.0, 0.0, 1.57, 0.19, '', '']
[72978.0, 10.0, 0.0, 0.0, 4.0, 0.0]
[1.0, 0.0, 0.33, 0.12, '', '']
[73864.0, 10.0, 0.0, 0.0, 4.0, 0.0]
[1.0, 0.0, 0.085, 0.014, '', '']
[76422.0, 10.0, 0.0, 0.0, 4.0, 0.0]
[1.0, 0.0, 0.11, 0.07, '', '']
[80538.0, 10.0, 0.0, 0.0, 4.0, 0.0]
[1.0, 0.0, 0.022, 0.013, '', '']
[81424.0, 10.0, 0.0, 0.0, 4.0, 0.0]
[1.0, 0.0, 0.005, 0.004, '', '']
[81662.0, 20.0, 0.0, 0.0, 4.0, 0.0]
[1.0, 0.0, 0.037, 0.015, '', '']
[82876.0, 3.0, 0.0, 0.0, 4.0, 0.0]
[1.0, 0.0, 0.33, 0.23, '', '']
[85778.0, 20.0, 0.0, 0.0, 4.0, 0.0]
[1.0, 0.0, 0.0078, 0.0018, '', '']
[86664.0, 20.0, 0.0, 0.0, 4.0, 0.0]
[1.0, 0.0, 0.0018, 0.0003, '', '']
[86992.0, 3.0, 0.0, 0.0, 4.0, 0.0]
[1.0, 0.0, 0.07, 0.06, '', '']
[87878.0, 3.0, 0.0, 0.0, 4.0, 0.0]
[1.0, 0.0, 0.016, 0.011, '', '']
[89800.9, 2.1, 0.0, 0.0, 4.0, 0.0]
[1.0, 0.0, 1.62, 0.11, '', '']
[93916.9, 2.1, 0.0, 0.0, 4.0, 0.0]
[1.0, 0.0, 0.34, 0.05, '', '']
[94802.6, 2.1, 0.0, 0.0, 4.0, 0.0]
[1.0, 0.0, 0.078, 0.007, '', '']
[117631.0, 20.0, 0.0, 0.0, 4.0, 0.0]
[1.0, 0.0, 0.09, 0.04, '', '']
[131231.0, 10.0, 0.0, 0.0, 4.0, 0.0]
[1.0, 0.0, 0.19, 0.05, '', '']
[135856.0, 5.0, 0.0, 0.0, 4.0, 0.0]
[1.0, 0.0, 0.214, 0.015, '', '']
[145612.0, 20.0, 0.0, 0.0, 4.0, 0.0]
[1.0, 0.0, 0.017, 0.012, '', '']
[149728.0, 20.0, 0.0, 0.0, 4.0, 0.0]
[1.0, 0.0, 0.0036, 0.0024, '', '']
[150614.0, 20.0, 0.0, 0.0, 4.0, 0.0]
[1.0, 0.0, 0.0008, 0.0006, '', '']
[159212.0, 10.0, 0.0, 0.0, 4.0, 0.0]
[1.0, 0.0, 0.037, 0.017, '', '']
[163328.0, 10.0, 0.0, 0.0, 4.0, 0.0]
[1.0, 0.0, 0.008, 0.004, '', '']
[163837.0, 5.0, 0.0, 0.0, 4.0, 0.0]
[1.0, 0.0, 0.027, 0.0018, '', '']
[164214.0, 10.0, 0.0, 0.0, 4.0, 0.0]
[1.0, 0.0, 0.0017, 0.0009, '', '']
[167953.0, 5.0, 0.0, 0.0, 4.0, 0.0]
[1.0, 0.0, 0.0054, 0.0009, '', '']
[168839.0, 5.0, 0.0, 0.0, 4.0, 0.0]
[1.0, 0.0, 0.0013, 0.0008, '', '']
[302460.0, 40.0, 0.0, 0.0, 4.0, 0.0]
[3.0, 0.0, 7.9, 1.4, '', '']
[329330.0, 40.0, 0.0, 0.0, 4.0, 0.0]
[3.0, 0.0, 1.8, 0.4, '', '']
[333260.0, 40.0, 0.0, 0.0, 4.0, 0.0]
[3.0, 0.0, 0.39, 0.07, '', '']
[334100.0, 40.0, 0.0, 0.0, 4.0, 0.0]
[3.0, 0.0, 0.096, 0.017, '', '']
[0.0, 9.0, 0.0, 0.0, 6.0, 8.0]
[0.01, 0.0, 5427.0, 0.0, 0.0, 0.0]
[3770.0, 0.0, 0.0, 0.0, 4.0, 0.0]
[3.0, 0.0, 0.82, 0.13, '', '']
[3940.0, 0.0, 0.0, 0.0, 4.0, 0.0]
[1.0, 0.0, 1.19, 0.14, '', '']
[27200.0, 0.0, 0.0, 0.0, 4.0, 0.0]
[3.0, 0.0, 2.0, 0.4, '', '']
[27470.0, 0.0, 0.0, 0.0, 4.0, 0.0]
[3.0, 0.0, 3.7, 0.7, '', '']
[28317.2, 0.4, 0.0, 0.0, 4.0, 0.0]
[1.0, 0.0, 3.3, 0.4, '', '']
[28612.0, 0.3, 0.0, 0.0, 4.0, 0.0]
[1.0, 0.0, 6.2, 0.7, '', '']
[31000.0, 0.0, 0.0, 0.0, 4.0, 0.0]
[3.0, 0.0, 1.28, 0.23, '', '']
[32300.0, 0.0, 0.0, 0.0, 4.0, 0.0]
[1.0, 0.0, 2.16, 0.24, '', '']
