0.0 0.0
0.024 0.02820216011239858
0.048 0.1116553741900863
0.07200000000000001 0.24864165659476906
0.096 0.43753058309749077
0.12 0.6766576354409745
0.14400000000000002 0.9643953783339315
0.168 1.299135678546406
0.192 1.6792888422377716
0.216 2.1033126385283833
0.24 2.569624949616537
0.264 3.076661278379226
0.28800000000000003 3.6232583195131625
0.312 4.207732700320523
0.336 4.828641211112138
0.36 5.48451575830589
0.384 6.173816445974967
0.40800000000000003 6.895291731074964
0.432 7.647492480325154
0.456 8.430014852044637
0.48 9.240931570425163
0.504 10.07902618121139
0.528 10.942739474711978
0.552 11.830891068027457
0.5760000000000001 12.742533761889634
0.6 13.676068777373633
0.624 14.630206115520783
0.648 15.604535378258575
0.672 16.597137187256116
0.6960000000000001 17.61010529496063
0.72 18.639784158701005
0.744 19.68493697296639
0.768 20.74446561189537
0.792 21.817271109552525
0.8160000000000001 22.902214688415864
0.84 23.997869810921518
0.864 25.103918896317442
0.888 26.220853881129667
0.912 27.34599921944942
0.936 28.478114040884442
0.96 29.61567404761318
0.984 30.760595688629294
1.008 31.90983114141284
1.032 33.064764544514674
1.056 34.22388669184784
1.08 35.38525313882857
1.104 36.54547277539239
1.1280000000000001 37.71195437235425
1.1520000000000001 38.8783706951164
1.176 40.04358291885018
1.2 41.20766121437307
1.224 42.369353512509875
1.248 43.52629142244147
1.272 44.68230305287627
1.296 45.83198372497065
1.32 46.97999578073294
1.344 48.122084611009754
1.368 49.257360726887626
1.3920000000000001 50.38435870083914
1.416 51.50055504925434
1.44 52.615568094836085
1.464 53.72503046998246
1.488 54.82522465630911
1.512 55.91554699122247
1.536 56.995482340585234
1.56 58.06437818882469
1.584 59.121599005004775
1.608 60.16637550384479
1.6320000000000001 61.197217495554845
1.6560000000000001 62.21588643409931
1.68 63.22355546826842
1.704 64.2167235494777
1.728 65.19037635703084
1.752 66.15912699190167
1.776 67.11087388176094
1.8 68.04691354381832
1.824 68.97172368917073
1.848 69.88563466524212
1.872 70.78282018844371
1.8960000000000001 71.66372890573577
1.92 72.52718975353855
1.944 73.3724868733141
1.968 74.19918596209028
1.992 74.99961193091828
2.016 75.79747649200439
2.04 76.57613210542377
2.064 77.3357694337512
2.088 78.07712950556893
2.112 78.7982956627977
2.136 79.49936429231504
2.16 80.17614274707076
2.184 80.84568749752094
2.208 81.49655474635293
2.232 82.13096025766359
2.2560000000000002 82.74425698318329
2.2800000000000002 83.33879490124036
2.3040000000000003 83.91213993453556
2.328 84.46464570319525
2.352 84.99593684604804
2.376 85.50319980178445
2.4 85.98896306749853
2.424 86.46256411309702
2.448 86.91266379730133
2.472 87.34302028700384
2.496 87.74581488118812
2.52 88.1450326048543
2.544 88.5220424649207
2.568 88.87430463853771
2.592 89.20893060543051
2.616 89.52799965285531
2.64 89.82549849534004
2.664 90.10123542002479
2.688 90.3541904503948
2.712 90.58730838404905
2.736 90.80044975825659
2.7600000000000002 90.99269727752846
2.7840000000000003 91.16340984049086
2.8080000000000003 91.31159659993278
2.832 91.4385952057048
2.856 91.54478619786502
2.88 91.6273522860508
2.904 91.68090127538397
2.928 91.71432069915963
2.952 91.74990034212075
2.976 91.76366539696097
3.0 91.74763175054727
3.024 91.71841763890578
3.048 91.66171410184715
3.072 91.59441128927325
3.096 91.52834645852707
3.12 91.42431882175937
3.144 91.31217582916065
3.168 91.224433092424
3.192 91.11848105864054
3.216 90.99184770822036
3.24 90.83918051521938
3.2640000000000002 90.66536899155616
3.2880000000000003 90.50235007365089
3.3120000000000003 90.32055552121136
3.336 90.11996343923703
3.36 89.9007688144738
3.384 89.662768870158
3.408 89.40924583501929
3.432 89.1374546084019
3.456 88.84700619705495
3.48 88.53809809203693
3.504 88.2093900626152
3.528 87.86227146471626
3.552 87.47826910793222
3.576 87.1092228878551
3.6 86.7378864995337
3.624 86.35096640548971
3.648 85.94234117637838
3.672 85.52262755319458
3.696 85.08584846320063
3.72 84.61478091673352
3.744 84.16036110061886
3.7680000000000002 83.72293714120663
3.7920000000000003 83.27709141544715
3.8160000000000003 82.81594374376652
3.84 82.33876455743255
3.864 81.84295112969771
3.888 81.33796685253719
3.912 80.81877095217739
3.936 80.28654732410578
3.96 79.73798881018317
3.984 79.15445263619296
4.008 78.57140226008124
4.032 78.01228710090794
4.056 77.4724410793025
4.08 76.91188758863214
4.104 76.33980923933349
4.128 75.73825557962532
4.152 75.18102441353649
4.176 74.60923547680741
4.2 73.98963528401598
4.224 73.43435774243723
4.248 72.87661584080368
4.272 72.30794005864395
4.296 71.72827799179115
4.32 71.13721676604536
4.344 70.53477700967913
4.368 69.91728496840517
4.392 69.29300708598824
4.416 68.64715950282394
4.44 67.99731528357285
4.464 67.38201540015802
4.488 66.75684185236686
4.5120000000000005 66.12084105654694
4.5360000000000005 65.47006164680623
4.5600000000000005 64.80665570468135
4.5840000000000005 64.15635114435109
4.6080000000000005 63.482211328791124
4.632 62.83583919290924
4.656 62.184042166906046
4.68 61.5265455253461
4.704 60.86265184070796
4.728 60.18645139440496
4.752 59.48611710141664
4.776 58.81636010467681
4.8 58.12802744646358
4.824 57.43887802404338
4.848 56.75550306471383
4.872 56.03269964094159
4.896 55.388961093834915
4.92 54.74849894591479
4.944 54.11834903574964
4.968 53.48139077421086
4.992 52.83311464897305
5.016 52.18392384626495
5.04 51.526657153845285
5.064 50.85642748442992
5.088 50.18264554823635
5.112 49.562965871607396
5.136 48.93828387649815
5.16 48.30700088924809
5.184 47.67019794385268
5.208 47.00424594785791
5.232 46.38744440887393
5.256 45.766837499729185
5.28 45.143952424974565
5.304 44.51752837339566
5.328 43.8870743281091
5.352 43.25125713768799
5.376 42.60815543612986
5.4 41.95357213701722
5.424 41.30543864596767
5.448 40.662687113424596
5.472 40.05158906552574
5.496 39.429485201581095
5.5200000000000005 38.78920191251618
5.5440000000000005 38.176866757926476
5.5680000000000005 37.56140984517635
5.5920000000000005 36.9655599266006
5.6160000000000005 36.409579553565194
5.64 35.84946535193055
5.664 35.28373865391464
5.688 34.71382445603037
5.712 34.13401858474118
5.736 33.59371942845759
5.76 33.04492567856839
5.784 32.50919188113437
5.808 31.97808279247942
5.832 31.44092989059981
5.856 30.88976961686134
5.88 30.27961888260273
5.904 29.802790930473957
5.928 29.324441330449865
5.952 28.840801937043615
5.976 28.365486759355612
6.0 27.885917839667535
6.024 27.395195271421468
6.048 26.891881092166702
6.072 26.432849025143177
6.096 25.98824727994067
6.12 25.55693810262375
6.144 25.12541110679112
6.168 24.693568318048598
6.192 24.261266945077303
6.216 23.827883071721715
6.24 23.391867395722763
6.264 22.94452718356699
6.288 22.51374204920144
6.312 22.05338800169817
6.336 21.654066974539685
6.36 21.25355958146843
6.384 20.850196416383287
6.408 20.45861126256192
6.432 20.064475659815226
6.456 19.65502615135747
6.48 19.27262102258516
6.5040000000000004 18.90317141097386
6.5280000000000005 18.532556562961254
6.5520000000000005 18.159084263129106
6.5760000000000005 17.781941933668254
6.6000000000000005 17.38417997617234
6.6240000000000006 17.04773024199924
6.648000000000001 16.710426713387243
6.672 16.369462983642517
6.696 16.02810115221725
6.72 15.694036957003975
6.744 15.34406857701866
6.768 15.011376556621997
6.792 14.707686912852987
6.816 14.376731739007447
6.84 14.102959856434538
6.864 13.828641823872857
6.888 13.553402544021973
6.912 13.273370794144043
6.936 12.988972128842756
6.96 12.69210232471696
6.984 12.450482389669926
7.008 12.209504339813623
7.032 11.959342868338933
7.056 11.725952209974906
7.08 11.501571925825168
7.104 11.276471844453763
7.128 11.046882165074386
7.152 10.829473751082404
7.176 10.610450686451184
7.2 10.3922043459927
7.224 10.167405364571353
7.248 9.95572070277251
7.272 9.758275314434796
7.296 9.562566230477238
7.32 9.367519729356184
7.344 9.173050763771775
7.368 8.97900295463905
7.392 8.78509295005406
7.416 8.59075059283202
7.44 8.394936251296103
7.464 8.19407026541168
7.488 7.9746936692747585
7.5120000000000005 7.802218865632948
7.5360000000000005 7.626400178222934
7.5600000000000005 7.44753561452354
7.5840000000000005 7.221123869983452
7.6080000000000005 7.087583412693697
7.632000000000001 6.955940215835455
7.656000000000001 6.825714296837958
7.68 6.696127355028338
7.704 6.566429753196543
7.728 6.435872389798438
7.752 6.29871528642176
7.776 6.176813847579543
7.8 6.055584596775557
7.824 5.935005508956203
7.848 5.814801970404412
7.872 5.6949357494388595
7.896 5.575301539983186
7.92 5.455679944859925
7.944 5.335673846717643
7.968 5.214206454088069
7.992 5.089653249676684
8.016 4.96858697062242
8.040000000000001 4.858827481002155
8.064 4.756735321369603
8.088000000000001 4.655156875048912
8.112 4.5541042173546025
8.136000000000001 4.453581910866773
8.16 4.353567962642178
8.184000000000001 4.253980126979219
8.208 4.155399961471151
8.232 4.057391043404759
8.256 3.959937783926927
8.28 3.8630062169574084
8.304 3.766526544129527
8.328 3.670196377516682
8.352 3.5746597462740612
8.376 3.479157198239435
8.4 3.383247402020877
8.424 3.2860072940263754
8.448 3.184759044799589
8.472 3.0701269998871386
8.496 2.9774689656020934
8.52 2.9092203951654145
8.544 2.8412010368289433
8.568 2.775476322700394
8.592 2.70994065321488
8.616 2.6445505124258912
8.64 2.5791140669978594
8.664 2.5132859896392095
8.688 2.446162251460146
8.712 2.3733685369233553
8.736 2.307995547106573
8.76 2.254864070949611
8.784 2.201943164767486
8.808 2.1494363106234973
8.832 2.097096870249405
8.856 2.044750998927223
8.88 1.990979469862937
8.904 1.941127421000238
8.928 1.8915893799443626
8.952 1.8423760278050512
8.976 1.7934970817458542
9.0 1.7449505063230242
9.024000000000001 1.6968042272012656
9.048 1.6490304311580364
9.072000000000001 1.6016389068919208
9.096 1.5546411650568959
9.120000000000001 1.5080467001372018
9.144 1.4618649665174734
9.168000000000001 1.416104323448733
9.192 1.3707709315931909
9.216000000000001 1.325862627152453
9.24 1.2813993089484121
9.264 1.2374277691271411
9.288 1.1938954179192531
9.312 1.150783659791028
9.336 1.1080294436761648
9.36 1.0652522446914352
9.384 1.0239181558829369
9.408 0.9828013511652153
9.432 0.9411644296022753
9.456 0.9023665845151594
9.48 0.8639983599535216
9.504 0.8260185954882686
9.528 0.7883420147576616
9.552 0.7506487869493763
9.576 0.7127987752882713
9.6 0.6758361543117655
9.624 0.6418921814867684
9.648 0.6080885969311856
9.672 0.5742298193160139
9.696 0.5399581909324644
9.72 0.5045052240838668
9.744 0.4656439461641326
9.768 0.41671493448825114
9.792 0.384100501138637
9.816 0.3722294570984363
9.84 0.36063517849044324
9.864 0.3491423662716435
9.888 0.3377491779510804
9.912 0.32634423564002674
9.936 0.31530683484673544
9.96 0.30436832015262494
9.984 0.2936623841448182
10.008000000000001 0.2830846585871266
10.032 0.27264035341165344
10.056000000000001 0.262325706094336
10.08 0.25214179946964244
10.104000000000001 0.24208926735366443
10.128 0.23216811033069704
10.152000000000001 0.2223776571563417
10.176 0.21271647543897992
10.200000000000001 0.20318093366706128
10.224 0.19376552752784976
10.248 0.1844610913229663
10.272 0.1752530189499347
10.296 0.16609998183276364
10.32 0.15706160877827183
10.344 0.14805447085686224
10.368 0.13897720176548115
10.392 0.12966977207841432
10.416 0.11973977150548543
10.44 0.10749473270412259
10.464 0.0961673970534004
10.488 0.09313748960542535
10.512 0.09013985294857842
10.536 0.08717253113544085
10.56 0.0842299267769013
10.584 0.0812659572173391
10.608 0.07843197595546787
10.632 0.0756397588393976
10.656 0.07278448469667477
10.68 0.0701559199027153
10.704 0.06753561629263406
10.728 0.06499912188263525
10.752 0.06251707562846709
10.776 0.06006929087157725
10.8 0.05765387590695936
10.824 0.05527310013549739
10.848 0.05292309321957669
10.872 0.050599829479914475
10.896 0.04829826009556228
10.92 0.04601002795743412
10.944 0.043712952201296576
10.968 0.04142651591033281
10.992 0.0390876763576725
11.016 0.03660810935077917
11.040000000000001 0.033788447304917146
11.064 0.029629405157575783
11.088000000000001 0.02860310635178817
11.112 0.028159068718640667
11.136000000000001 0.027715833557703795
11.16 0.02727123175838181
11.184000000000001 0.02683487267908301
11.208 0.026399494794521892
11.232000000000001 0.02596700753729379
11.256 0.025536418440813863
11.28 0.02510762593667227
11.304 0.024680690548180326
11.328 0.024255672557843343
11.352 0.023832631893025206
11.376 0.023411627976984338
11.4 0.022992719528618352
11.424 0.022575964281973844
11.448 0.022161418571316583
11.472 0.021749136670469342
11.496 0.021339169629774335
11.52 0.020931562920706928
11.544 0.020526350577246593
11.568 0.0201235346823042
11.592 0.01972291010220902
11.616 0.019325255899722355
11.64 0.018930839364535934
11.664 0.018539049487307616
11.688 0.018149742041309785
11.712 0.01776358792077251
11.736 0.01738012602686923
11.76 0.01699935706862785
11.784 0.016621267203532818
11.808 0.01624577846822664
11.832 0.01587275581612034
11.856 0.015501997028154326
11.88 0.015133133103090158
11.904 0.014765793182338916
11.928 0.014398861909246732
11.952 0.014030192819249582
11.976 0.013650077100891805
