0.0 0.0
0.024 0.2502173128320724
0.048 0.5628283022126874
0.07200000000000001 0.15241320562747981
0.096 0.2549567913909233
0.12 0.3739068785579111
0.14400000000000002 0.5038548866195172
0.168 0.639387883169049
0.192 0.7734747282356674
0.216 0.9064375834523011
0.24 1.0303771261774846
0.264 1.1364286828601708
0.28800000000000003 1.244871331495451
0.312 1.3366516840841625
0.336 1.4121204537242296
0.36 1.4601963090373888
0.384 1.4607954363752933
0.40800000000000003 1.4136442867659258
0.432 1.3413608998896815
0.456 1.3651195718075713
0.48 1.3671920213105528
0.504 1.3633140829772223
0.528 1.3728767618509603
0.552 1.370516593773197
0.5760000000000001 1.3989850201384988
0.6 1.4253231249586795
0.624 1.4422741613603443
0.648 1.440308791357549
0.672 1.4407781173047158
0.6960000000000001 1.4757222215357984
0.72 1.5080354340707878
0.744 1.535097469354884
0.768 1.5561635158092504
0.792 1.5733505002315333
0.8160000000000001 1.5828532788508671
0.84 1.578067394350505
0.864 1.57168047281552
0.888 1.5845604367297643
0.912 1.5915490851366714
0.936 1.589753297667411
0.96 1.5734254537004362
0.984 1.5772240015093864
1.008 1.5690442382103518
1.032 1.567481262603109
1.056 1.5772526605580577
1.08 1.5824518267036165
1.104 1.5742637289312438
1.1280000000000001 1.5853689308764163
1.1520000000000001 1.593754295234711
1.176 1.598015864693486
1.2 1.6016693427795792
1.224 1.6026891291899907
1.248 1.5947006447369272
1.272 1.59545330873885
1.296 1.587393985593518
1.32 1.588699499367265
1.344 1.588275565500127
1.368 1.5862080173358641
1.3920000000000001 1.5808075896560339
1.416 1.5699797272079938
1.44 1.5521285402440974
1.464 1.552642380586722
1.488 1.5515007040151862
1.512 1.548672241009991
1.536 1.5441330594736928
1.56 1.53778080216833
1.584 1.5294526901486476
1.608 1.5187511984365245
1.6320000000000001 1.5042015869421337
1.6560000000000001 1.4892758790597571
1.68 1.472053969669721
1.704 1.4602627275757436
1.728 1.4423584724214047
1.752 1.4309319511309255
1.776 1.4152724319509151
1.8 1.4025666526568208
1.824 1.3919369759197378
1.848 1.3839172413025504
1.872 1.3747187154453813
1.8960000000000001 1.3645951166535586
1.92 1.3532237264518587
1.944 1.34047247803154
1.968 1.3263686899233602
1.992 1.307575210555296
2.016 1.294431501267979
2.04 1.2794127681883143
2.064 1.2634067395951945
2.088 1.2484512499742835
2.112 1.2307208501217175
2.136 1.2126986044890171
2.16 1.1948983359816423
2.184 1.179782550289405
2.208 1.1656081286556235
2.232 1.1543081319552622
2.2560000000000002 1.142166210709284
2.2800000000000002 1.1290599765718796
2.3040000000000003 1.1144515164053357
2.328 1.098803919528805
2.352 1.0847797439336533
2.376 1.0686698227045164
2.4 1.0499478894509648
2.424 1.0359359511699855
2.448 1.0234843914615257
2.472 1.0125212516211861
2.496 1.0000463266728004
2.52 0.9901968524003234
2.544 0.9796837048692429
2.568 0.9679094758512984
2.592 0.9565950925927188
2.616 0.9462045694781929
2.64 0.9352889783014091
2.664 0.9237168484762421
2.688 0.9107129379983613
2.712 0.8985021980314831
2.736 0.8872723570449965
2.7600000000000002 0.8762568809560871
2.7840000000000003 0.8648435280598888
2.8080000000000003 0.8529448287139307
2.832 0.840525087772188
2.856 0.8281124932274054
2.88 0.8150819103267408
2.904 0.8008584310555878
2.928 0.7851602994578525
2.952 0.7736721580046075
2.976 0.7617692487699408
3.0 0.7482703790823374
3.024 0.7371272824765168
3.048 0.7254783699417399
3.072 0.7130858979940502
3.096 0.7013166092212931
3.12 0.6880793880302853
3.144 0.6751052281026132
3.168 0.6655828336307378
3.192 0.6560045486140429
3.216 0.6461337051848911
3.24 0.6357612836309574
3.2640000000000002 0.6251077751835034
3.2880000000000003 0.6156330316210721
3.3120000000000003 0.6059725036995308
3.336 0.5961066957125034
3.36 0.5859971446123386
3.384 0.5754764628963317
3.408 0.565530805034665
3.432 0.5554096168872857
3.456 0.5450807428534143
3.48 0.5345106011796308
3.504 0.5234141784398199
3.528 0.5126250951366969
3.552 0.5006471744734509
3.576 0.49018303761880344
3.6 0.48015518321037204
3.624 0.4697839228361008
3.648 0.45896253780263907
3.672 0.44943621872850614
3.696 0.4399649932126014
3.72 0.4298554194654446
3.744 0.42167101273417734
3.7680000000000002 0.41452350055689813
3.7920000000000003 0.4072813463399236
3.8160000000000003 0.39992530015153976
3.84 0.39241835207147274
3.864 0.38465765878304703
3.888 0.37676442679913846
3.912 0.3688385189503108
3.936 0.3609993591857619
3.96 0.3535081613005144
3.984 0.345943543208574
4.008 0.33855987729918435
4.032 0.3322135327404443
4.056 0.326199536627567
4.08 0.31980268763790265
4.104 0.3139197827674262
4.128 0.3077493113210258
4.152 0.3022059549077425
4.176 0.2966287931406049
4.2 0.2904372269440233
4.224 0.28538788870180715
4.248 0.2804818316040865
4.272 0.27553193849274193
4.296 0.270534279221899
4.32 0.2654788546127705
4.344 0.2603409546705202
4.368 0.25502677374871763
4.392 0.24980196370692997
4.416 0.2442457476998739
4.44 0.23949170113581292
4.464 0.23485791840226633
4.488 0.23017778147627038
4.5120000000000005 0.22542773344732447
4.5360000000000005 0.2205149853371661
4.5600000000000005 0.21550338079493053
4.5840000000000005 0.21105588748493512
4.6080000000000005 0.20646421630281034
4.632 0.2019793757494388
4.656 0.1974830681889961
4.68 0.19294503669429974
4.704 0.18878674902836212
4.728 0.1845381664769677
4.752 0.18005782803454418
4.776 0.1759881456322482
4.8 0.1717014158465447
4.824 0.16762713985359523
4.848 0.16379598076280777
4.872 0.15966329426149314
4.896 0.156206193413957
4.92 0.15286401001466118
4.944 0.14972820009280224
4.968 0.1465746786387161
4.992 0.14339459665016513
5.016 0.14017453557691842
5.04 0.1368287574457011
5.064 0.1334745906333312
5.088 0.13022126452915475
5.112 0.1274402671643951
5.136 0.12464806406139096
5.16 0.12182527849945356
5.184 0.11900723397280491
5.208 0.11602313193777924
5.232 0.11337924365316575
5.256 0.11073123838935356
5.28 0.10808325098876474
5.304 0.10542814339688074
5.328 0.10275904421573363
5.352 0.10005773338434353
5.376 0.097294070860411
5.4 0.09433182744301358
5.424 0.0918689844500922
5.448 0.0894187972205758
5.472 0.08704154263496812
5.496 0.08455929891415999
5.5200000000000005 0.082087618059669
5.5440000000000005 0.07979091760259346
5.5680000000000005 0.07747308640473252
5.5920000000000005 0.07528757407952447
5.6160000000000005 0.07342519457076409
5.64 0.07154217140178523
5.664 0.0696338433242623
5.688 0.06774331405936614
5.712 0.06563058603787847
5.736 0.0639825813585848
5.76 0.06228949938373587
5.784 0.0606975406440429
5.808 0.0591706727641704
5.832 0.057631659780470676
5.856 0.056057223997818525
5.88 0.05431474483763506
5.904 0.052960412838446734
5.928 0.05162747657381254
5.952 0.05029435985310917
5.976 0.04896675808776624
6.0 0.04763506096020886
6.024 0.046289799970367244
6.048 0.04491282843658836
6.072 0.04340392906684124
6.096 0.04216334639315002
6.12 0.04106035075960301
6.144 0.03995952328767285
6.168 0.038859543749569014
6.192 0.037758139939537645
6.216 0.03664990862268812
6.24 0.03552055836275466
6.264 0.03428498298136803
6.288 0.033244552136369704
6.312 0.03206193307599905
6.336 0.031177827573098147
6.36 0.03029491686476323
6.384 0.029391662042900526
6.408 0.028589460553215935
6.432 0.027781993661864353
6.456 0.0269355621614088
6.48 0.02616145318532426
6.5040000000000004 0.02542148497692386
6.5280000000000005 0.024677047890136302
6.5520000000000005 0.023921854451770485
6.5760000000000005 0.023165646061097507
6.6000000000000005 0.022343075058194824
6.6240000000000006 0.021721376966825724
6.648000000000001 0.021097956910342715
6.672 0.02046148335974911
6.696 0.019828668967645822
6.72 0.019230879447455277
6.744 0.018607442171659293
6.768 0.018015334832908264
6.792 0.017472857606002694
6.816 0.016861008800805734
6.84 0.01639709760030693
6.864 0.015932659567635902
6.888 0.015466087539705608
6.912 0.014990971480745102
6.936 0.014497060051326784
6.96 0.013923475438263227
6.984 0.013550464303256854
7.008 0.013186020490219733
7.032 0.012796544576366739
7.056 0.012453101344355913
7.08 0.012133618082529309
7.104 0.011810196348696492
7.128 0.011465135419697983
7.152 0.011178137310985473
7.176 0.010887848977003553
7.2 0.010606279956102305
7.224 0.010332113292364402
7.248 0.010060277523343177
7.272 0.009791177889465487
7.296 0.009525084610129889
7.32 0.009260681234207554
7.344 0.00899784847290271
7.368 0.00873637279001231
7.392 0.008475884253025718
7.416 0.00821567243417375
7.44 0.007954307940983065
7.464 0.0076876639257331646
7.488 0.0074005263337108195
7.5120000000000005 0.007163265595495125
7.5360000000000005 0.006917993781327416
7.5600000000000005 0.006666837067721594
7.5840000000000005 0.006310629779732651
7.6080000000000005 0.006159675177557689
7.632000000000001 0.006014047958814779
7.656000000000001 0.005872550836466727
7.68 0.005732021451606251
7.704 0.005591004760018491
7.728 0.005448075633742621
7.752 0.0052877498767247445
7.776 0.005164265193566103
7.8 0.005042403377892323
7.824 0.004921468963428082
7.848 0.004800215453683907
7.872 0.0046818124156223035
7.896 0.004563318626103743
7.92 0.004444243784880933
7.944 0.004323919510454289
7.968 0.00420135062607424
7.992 0.004077390607411976
8.016 0.00397146503972382
8.040000000000001 0.0038748503446185568
8.064 0.0037819658958874298
8.088000000000001 0.003689705731124429
8.112 0.003598067455942312
8.136000000000001 0.003507023946472431
8.16 0.0034164597804437753
8.184000000000001 0.0033260196581165534
8.208 0.0032378380809683378
8.232 0.003150317584332048
8.256 0.0030634327808629234
8.28 0.0029771384436077628
8.304 0.00289135632686549
8.328 0.0028059461691629962
8.352 0.0027208112736879743
8.376 0.0026355447960829006
8.4 0.0025495180841608326
8.424 0.002461372242403589
8.448 0.002366999022135413
8.472 0.0022527223037212777
8.496 0.0021815175573952476
8.52 0.0021315887001498775
8.544 0.0020813706797363613
8.568 0.002033060654945701
8.592 0.001984916265825468
8.616 0.001936863523380629
8.64 0.00188876202089175
8.664 0.0018403341161826452
8.688 0.0017908628139455937
8.712 0.0017367636682935374
8.736 0.0016878711085364113
8.76 0.0016491341950942006
8.784 0.0016108717585452312
8.808 0.0015739551381712868
8.832 0.001537113436959001
8.856 0.001500146039406624
8.88 0.001461549010164058
8.904 0.001427071105882339
8.928 0.0013928088467605139
8.952 0.0013587673906661202
8.976 0.001324946747552386
9.0 0.001291318993727601
9.024000000000001 0.0012580561306469978
9.048 0.0012250482710492057
9.072000000000001 0.00119230127474471
9.096 0.0011598218369442853
9.120000000000001 0.001127614916879459
9.144 0.0010956846699562081
9.168000000000001 0.0010640331785508421
9.192 0.0010326580942984975
9.216000000000001 0.0010015391062721916
9.24 0.000970709771020654
9.264 0.0009402438872153462
9.288 0.0009100160682315479
9.312 0.0008799582380635923
9.336 0.0008498579866152979
9.36 0.0008183754239088809
9.384 0.0007910329111090744
9.408 0.0007638706223534105
9.432 0.0007370541419851577
9.456 0.0007108628595495951
9.48 0.000684943550320498
9.504 0.0006592602948463802
9.528 0.0006337843701248392
9.552 0.0006081372484144871
9.576 0.0005828276643050715
9.6 0.0005580791317051007
9.624 0.0005350227118885847
9.648 0.0005120556972465646
9.672 0.0004890482617862371
9.696 0.00046575898468128923
9.72 0.00044164549092866117
9.744 0.0004150051354038883
9.768 0.0003835606504350357
9.792 0.00036188627061189196
9.816 0.0003526364223921766
9.84 0.000343552896784394
9.864 0.00033444198955420897
9.888 0.00032518801769812136
9.912 0.00031465281741086725
9.936 0.0003070389713469157
9.96 0.0002994774629227751
9.984 0.0002920443847616645
10.008000000000001 0.000284681468112964
10.032 0.0002773938449110563
10.056000000000001 0.0002701762801389119
10.08 0.00026302907789053275
10.104000000000001 0.0002559533242458136
10.128 0.00024894775289231936
10.152000000000001 0.00024201111370037405
10.176 0.00023514098275856396
10.200000000000001 0.00022833302244450822
10.224 0.00022157940807338112
10.248 0.00021486448276441007
10.272 0.00020815346830552062
10.296 0.000201219171392483
10.32 0.00019481195949212548
10.344 0.00018858800018074044
10.368 0.0001823312763531896
10.392 0.00017596122742072215
10.416 0.000169279885632483
10.44 0.00016143228573202594
10.464 0.0001540529707180494
10.488 0.00015087140621006492
10.512 0.00014771184381994273
10.536 0.00014457475847365898
10.56 0.0001414605969970534
10.584 0.00013836954380236588
10.608 0.00013530230223482507
10.632 0.0001322582789269133
10.656 0.00012923092312327387
10.68 0.0001262450416254652
10.704 0.00012328397615465162
10.728 0.00012034911938278627
10.752 0.00011744000955405124
10.776 0.0001145561569021614
10.8 0.00011169700889063355
10.824 0.00010886270479143631
10.848 0.00010605157285712195
10.872 0.00010326186521205524
10.896 0.00010049085650860044
10.92 9.773425557264106e-05
10.944 9.498505765076826e-05
10.968 9.223146183603763e-05
10.992 8.945057597085745e-05
11.016 8.658787932601532e-05
11.040000000000001 8.352029562464458e-05
11.064 7.958731166685658e-05
11.088000000000001 7.765456050145627e-05
11.112 7.609856988100303e-05
11.136000000000001 7.454926281288449e-05
11.16 7.300445740127356e-05
11.184000000000001 7.147475090826805e-05
11.208 6.995240332988563e-05
11.232000000000001 6.84397786314717e-05
11.256 6.693590706207005e-05
11.28 6.544084225720377e-05
11.304 6.395482370807662e-05
11.328 6.247808991901403e-05
11.352 6.1010877781206106e-05
11.376 5.955342167829805e-05
11.4 5.810595215909804e-05
11.424 5.666869387484337e-05
11.448 5.524186218694388e-05
11.472 5.3825657177779345e-05
11.496 5.242025205505644e-05
11.52 5.102576768751421e-05
11.544 4.964220521423209e-05
11.568 4.8269200235167194e-05
11.592 4.690388154007755e-05
11.616 4.555551627465939e-05
11.64 4.422736262379223e-05
11.664 4.291146294341869e-05
11.688 4.1607438587834734e-05
11.712 4.031795543561905e-05
11.736 3.904142249831502e-05
11.76 3.7777985798491165e-05
11.784 3.652776338224301e-05
11.808 3.529078741256535e-05
11.832 3.406702845917602e-05
11.856 3.285633250291438e-05
11.88 3.165832749481389e-05
11.904 3.047227816612476e-05
11.928 2.9296767407467676e-05
11.952 2.8127742410403655e-05
11.976 2.6940685651429065e-05
