0.0 0.0
0.024 0.02632489583603192
0.048 0.10437677747571546
0.07200000000000001 0.2327819802919351
0.096 0.4101809046827543
0.12 0.6352279945020248
0.14400000000000002 0.9065917403957077
0.168 1.2229546689540591
0.192 1.5830133307933831
0.216 1.9854782792851793
0.24 2.4290740861594067
0.264 2.9125392361364333
0.28800000000000003 3.434626205512784
0.312 3.9941012372547333
0.336 4.589744394660038
0.36 5.220349176900823
0.384 5.884722220388882
0.40800000000000003 6.58168321289805
0.432 7.310061986117309
0.456 8.068693760204129
0.48 8.85639317251668
0.504 9.672081237243539
0.528 10.514874481170573
0.552 11.383539102604365
0.5760000000000001 12.277153583255483
0.6 13.194470836693998
0.624 14.134484867334894
0.648 15.096125293319375
0.672 16.0783703251207
0.6960000000000001 17.080212953924853
0.72 18.100648488879223
0.744 19.138683605343896
0.768 20.193337842351436
0.792 21.263735931301923
0.8160000000000001 22.348856615942353
0.84 23.447712662459228
0.864 24.559494164944958
0.888 25.683499347010095
0.912 26.818606846564307
0.936 27.963922619129075
0.96 29.118554043942204
0.984 30.281621482194716
1.008 31.45190403903365
1.032 32.6295819169479
1.056 33.81403608361777
1.08 35.003604409639266
1.104 36.19659318639471
1.1280000000000001 37.395585300145946
1.1520000000000001 38.59762941358244
1.176 39.80191453748208
1.2 41.00789210596216
1.224 42.2147728939695
1.248 43.421764315297196
1.272 44.628262634108076
1.296 45.833373959915185
1.32 47.036772995596536
1.344 48.23778119882055
1.368 49.43583054971225
1.3920000000000001 50.6300229499361
1.416 51.81968320319074
1.44 53.00391706820817
1.464 54.18375149698128
1.488 55.357410172907294
1.512 56.5243076979544
1.536 57.68386013893654
1.56 58.835465671366144
1.584 59.97848398255893
1.608 61.1121306875039
1.6320000000000001 62.234909056053255
1.6560000000000001 63.34841196867969
1.68 64.45195197657625
1.704 65.5491327420685
1.728 66.63161642564422
1.752 67.7092309511666
1.776 68.77465002843662
1.8 69.82687745926852
1.824 70.86739238282303
1.848 71.89596517722835
1.872 72.91090997098514
1.8960000000000001 73.9119501009135
1.92 74.89853952365007
1.944 75.87026569233667
1.968 76.82719567445638
1.992 77.76790321686717
2.016 78.69388971608338
2.04 79.60265587922598
2.064 80.49536105822499
2.088 81.3751127202566
2.112 82.23745768076506
2.136 83.08216717208074
2.16 83.90820391953716
2.184 84.7205367862978
2.208 85.51558552049795
2.232 86.29515250160479
2.2560000000000002 87.05615805003896
2.2800000000000002 87.79811013391007
2.3040000000000003 88.51956299125662
2.328 89.2215609780854
2.352 89.91063951389256
2.376 90.57904264373377
2.4 91.223097374284
2.424 91.85453569541087
2.448 92.46934045168393
2.472 93.07206450066928
2.496 93.65468772086408
2.52 94.21740372401524
2.544 94.75928692898981
2.568 95.27777530817633
2.592 95.77968842918186
2.616 96.26682530300694
2.64 96.73313739176484
2.664 97.17791520215981
2.688 97.59757155520637
2.712 98.00170439762994
2.736 98.39148766054586
2.7600000000000002 98.76388136551928
2.7840000000000003 99.11539350335981
2.8080000000000003 99.44540223440539
2.832 99.75356057556604
2.856 100.04297872924141
2.88 100.30958877873461
2.904 100.54893133012487
2.928 100.76022270088602
2.952 100.9834380282429
2.976 101.18529160861328
3.0 101.35682398965935
3.024 101.52902295188056
3.048 101.68038587879181
3.072 101.81043914037447
3.096 101.91800094872798
3.12 101.99669960600177
3.144 102.0629901921728
3.168 102.12935482678496
3.192 102.1775797739418
3.216 102.20619720143299
3.24 102.2153218743142
3.2640000000000002 102.20499091442736
3.2880000000000003 102.17527385256662
3.3120000000000003 102.12620155947265
3.336 102.05767090829922
3.36 101.9696357271449
3.384 101.86155022359925
3.408 101.73857743774737
3.432 101.59649333944608
3.456 101.43488273662489
3.48 101.25331786320612
3.504 101.0472924615639
3.528 100.83121195431166
3.552 100.58591560308098
3.576 100.34037509467532
3.6 100.07973977747805
3.624 99.79705583693556
3.648 99.49026915114815
3.672 99.1919773079657
3.696 98.87852815363452
3.72 98.53616812202479
3.744 98.2181849417561
3.7680000000000002 97.90872780363664
3.7920000000000003 97.58257254940948
3.8160000000000003 97.23938915509156
3.84 96.87850141021286
3.864 96.49749110226456
3.888 96.0978288525023
3.912 95.68352479233174
3.936 95.2573793807187
3.96 94.82761810192261
3.984 94.38465506920306
4.008 93.93608524666308
4.032 93.48378386966913
4.056 93.0341477845844
4.08 92.56109975283522
4.104 92.08782590047853
4.128 91.59262233168529
4.152 91.10624107188212
4.176 90.60486013488308
4.2 90.06714924549745
4.224 89.56349401002463
4.248 89.05353093144937
4.272 88.53052973440775
4.296 87.99444768711106
4.32 87.44496640768674
4.344 86.88118697576259
4.368 86.29910576441615
4.392 85.71124257307747
4.416 85.0996524161593
4.44 84.5087583888154
4.464 83.91336653877335
4.488 83.30573837873725
4.5120000000000005 82.68470996750786
4.5360000000000005 82.04539092437416
4.5600000000000005 81.38975812732711
4.5840000000000005 80.7579296085049
4.6080000000000005 80.10910672081009
4.632 79.4573477476113
4.656 78.79614947413567
4.68 78.12406752800646
4.704 77.46526818822439
4.728 76.7929977890705
4.752 76.09877120960526
4.776 75.42450750234333
4.8 74.7372776788688
4.824 74.04147229498594
4.848 73.35008801129061
4.872 72.63516275417199
4.896 71.94576632997757
4.92 71.25792824825295
4.944 70.57845339213179
4.968 69.89088217275331
4.992 69.19444728641847
5.016 68.48771150391215
5.04 67.76083725455979
5.064 67.03231005935736
5.088 66.30909155720578
5.112 65.62288599872916
5.136 64.93019207191071
5.16 64.22930737086548
5.184 63.523615583730844
5.208 62.79667566399647
5.232 62.09807783967801
5.256 61.39428309670926
5.28 60.68589341591013
5.304 59.972206744857644
5.328 59.2525590165292
5.352 58.524990476977806
5.376 57.78614449474645
5.4 57.02034266056534
5.424 56.307693791038105
5.448 55.59270071337167
5.472 54.8825415058073
5.496 54.1556543128782
5.5200000000000005 53.4263757243229
5.5440000000000005 52.715428120580036
5.5680000000000005 51.99834987041164
5.5920000000000005 51.295366464684854
5.6160000000000005 50.63235032920036
5.64 49.963604499692984
5.664 49.28841804671681
5.688 48.61224047252409
5.712 47.900113833217404
5.736 47.25486542910817
5.76 46.60047131281746
5.784 45.95934881602585
5.808 45.325868340345416
5.832 44.68758712000293
5.856 44.039575741529674
5.88 43.353362870943805
5.904 42.749386592397656
5.928 42.147342276076216
5.952 41.54347528166504
5.976 40.938785631662704
6.0 40.331412074247545
6.024 39.71926172077615
6.048 39.09799487477063
6.072 38.44276915959272
6.096 37.84852140116961
6.12 37.28911878579684
6.144 36.72886656294607
6.168 36.16746369954937
6.192 35.60434267889903
6.216 35.03814628068358
6.24 34.46532979434441
6.264 33.86584662123553
6.288 33.30632580198367
6.312 32.69295984281921
6.336 32.18593461170858
6.36 31.674428478179127
6.384 31.15214044596668
6.408 30.675856314616937
6.432 30.19723599084212
6.456 29.70718507588794
6.48 29.235305702285228
6.5040000000000004 28.771565643775954
6.5280000000000005 28.305118164557705
6.5520000000000005 27.833505721533808
6.5760000000000005 27.35651587628825
6.6000000000000005 26.84919345604108
6.6240000000000006 26.429183288624365
6.648000000000001 26.007660908584658
6.672 25.581062788932943
6.696 25.15420026926266
6.72 24.736335051851455
6.744 24.304493300034892
6.768 23.887688080276238
6.792 23.496170221869278
6.816 23.08021276650247
6.84 22.714359209703474
6.864 22.347697436691647
6.888 21.97967579523318
6.912 21.60792091199854
6.936 21.228586253973287
6.96 20.818724397694087
6.984 20.48357741484792
7.008 20.151757733849372
7.032 19.809629159206057
7.056 19.48543460889821
7.08 19.170406692195073
7.104 18.853473073171028
7.128 18.527225225351632
7.152 18.225201795164843
7.176 17.921582156186123
7.2 17.621674814492167
7.224 17.32490341504483
7.248 17.02908917536947
7.272 16.734433725233313
7.296 16.441377131298623
7.32 16.149120919112985
7.344 15.857634437385487
7.368 15.566835782224862
7.392 15.276557915778751
7.416 14.986451034349782
7.44 14.695778278886616
7.464 14.402362926899276
7.488 14.09812575178214
7.5120000000000005 13.820416929270833
7.5360000000000005 13.538363137649231
7.5600000000000005 13.253017502408417
7.5840000000000005 12.908292451614608
7.6080000000000005 12.680149664059405
7.632000000000001 12.45524133754115
7.656000000000001 12.23297243547917
7.68 12.011810883169495
7.704 11.790661556938435
7.728 11.568642236319796
7.752 11.336091011562967
7.776 11.1270394928186
7.8 10.919410039117578
7.824 10.712782910611486
7.848 10.506331922381026
7.872 10.302141986417125
7.896 10.098206401291412
7.92 9.89408781900378
7.944 9.689126784860168
7.968 9.482131724514561
7.992 9.272308469266346
8.016 9.071293703977062
8.040000000000001 8.890879240739245
8.064 8.71809853150106
8.088000000000001 8.546289374151796
8.112 8.37546646596681
8.136000000000001 8.205622038131935
8.16 8.036673829752003
8.184000000000001 7.868337820280331
8.208 7.702350456785783
8.232 7.537408430554314
8.256 7.373474471576098
8.28 7.210480118811463
8.304 7.048307595038927
8.328 6.886753222454073
8.352 6.725601818860888
8.376 6.564276936700305
8.4 6.401839465516236
8.424 6.236332206403543
8.448 6.062272574112761
8.472 5.860385513361311
8.496 5.699471165927716
8.52 5.590424584427211
8.544 5.472602438998203
8.568 5.378819452389473
8.592 5.285214796907973
8.616 5.191757968155375
8.64 5.09830498229007
8.664 5.004515191155778
8.688 4.909584870316459
8.712 4.809498533062532
8.736 4.7154866990067585
8.76 4.632715820005573
8.784 4.550543132973331
8.808 4.469960271082574
8.832 4.389534603449993
8.856 4.309033241990191
8.88 4.226656692365171
8.904 4.149307263193845
8.928 4.0723112239726635
8.952 3.9956814193284114
8.976 3.9194238458641553
9.0 3.843506867950694
9.024000000000001 3.7681662380337952
9.048 3.6932609891341976
9.072000000000001 3.6188047397298924
9.096 3.5448120804275587
9.120000000000001 3.47129515187125
9.144 3.3982647918300617
9.168000000000001 3.3257287158798237
9.192 3.253688049541249
9.216000000000001 3.1821177215056227
9.24 3.1110685791012163
9.264 3.0406534512610754
9.288 2.970690697124708
9.312 2.9010795475233904
9.336 2.8314972042567956
9.36 2.759887418998806
9.384 2.6947404844509104
9.408 2.6299692339419143
9.432 2.5658343400559964
9.456 2.502788459429458
9.48 2.4402689578501846
9.504 2.378218720775661
9.528 2.316592367151455
9.552 2.254757280212532
9.576 2.1936318770886376
9.6 2.133480468913772
9.624 2.0760273709310337
9.648 2.018763749773245
9.672 1.9614445331647075
9.696 1.9036118495333623
9.72 1.8442323923966597
9.744 1.7800469101021026
9.768 1.7068671475536799
9.792 1.6523788172128202
9.816 1.6213051360795847
9.84 1.590582031985456
9.864 1.5598231272809282
9.888 1.5287816286799212
9.912 1.4950474334842008
9.936 1.467537467449688
9.96 1.4401676015188618
9.984 1.413095769323507
10.008000000000001 1.386203773912071
10.032 1.3595039963547766
10.056000000000001 1.3329867947464946
10.08 1.306654094003611
10.104000000000001 1.2805094026045214
10.128 1.2545509122775915
10.152000000000001 1.228776601856051
10.176 1.203181516138902
10.200000000000001 1.1777559366187194
10.224 1.152481514413477
10.248 1.1273206647442433
10.272 1.1021889269622431
10.296 1.0765352580626046
10.32 1.052175217342683
10.344 1.0282783396159831
10.368 1.0043102326820776
10.392 0.9800616910120273
10.416 0.9550167622363397
10.44 0.9269387311522148
10.464 0.9001468909734615
10.488 0.8842816041813819
10.512 0.868494433591356
10.536 0.8527876467323292
10.56 0.837163427055756
10.584 0.8216232100298861
10.608 0.806169829900957
10.632 0.7908024843169459
10.656 0.7755033289980208
10.68 0.7603440670595208
10.704 0.7452778119819649
10.728 0.7303093618084678
10.752 0.7154379816061397
10.776 0.7006627543234514
10.8 0.6859822678433192
10.824 0.6713966389262429
10.848 0.6569055297556378
10.872 0.6425002805362626
10.896 0.6281722194348394
10.92 0.6139067876978214
10.944 0.5996832814985802
10.968 0.5854605773085368
10.992 0.5711615575166246
11.016 0.5566017623589647
11.040000000000001 0.5413625330543906
11.064 0.5231857939016205
11.088000000000001 0.5118507749841259
11.112 0.5018123239115788
11.136000000000001 0.49181709969315957
11.16 0.48185798419579046
11.184000000000001 0.471973441175088
11.208 0.4621364885242603
11.232000000000001 0.45235636736907836
11.256 0.44263022071005864
11.28 0.43295887815539497
11.304 0.4233438495045317
11.328 0.41378663613261873
11.352 0.4042887186174828
11.376 0.39485156631504786
11.4 0.3854766491185502
11.424 0.3761652948902956
11.448 0.3669187837756002
11.472 0.357738247809438
11.496 0.3486245558636449
11.52 0.3395780588256195
11.544 0.33059791094279223
11.568 0.3216795838255315
11.592 0.31279315861186285
11.616 0.30403191241172994
11.64 0.29542835590779903
11.664 0.28690152443854694
11.688 0.27845017738659533
11.712 0.2700866257632462
11.736 0.2618042060828574
11.76 0.2536039758135036
11.784 0.24548683866296603
11.808 0.23745330765420802
11.832 0.22950353373074792
11.856 0.2216370489168829
11.88 0.21385227941382864
11.904 0.2061458012359772
11.928 0.19851072639709083
11.952 0.19092692052796542
11.976 0.18327081530919223
