0.0 0.0
0.024 0.04060010597736763
0.048 0.16088326442599976
0.07200000000000001 0.3585966571247892
0.096 0.6315601749802138
0.12 0.9775791995039859
0.14400000000000002 1.3944967845846552
0.168 1.8801789083724338
0.192 2.432523093800177
0.216 3.049476867273226
0.24 3.7289607584148436
0.264 4.46893034168861
0.28800000000000003 5.267530622838511
0.312 6.122695263003688
0.336 7.032473954768045
0.36 7.994909227069192
0.384 9.007951706293058
0.40800000000000003 10.069851849291522
0.432 11.17869596830892
0.456 12.33398419293038
0.48 13.532997493760833
0.504 14.774069147905248
0.528 16.055175748516497
0.552 17.37464287117975
0.5760000000000001 18.73133086481039
0.6 20.12304536817624
0.624 21.547785053069823
0.648 23.005229503722415
0.672 24.492750351038637
0.6960000000000001 26.012034227340745
0.72 27.558929732666638
0.744 29.131849969069084
0.768 30.7292855107968
0.792 32.349731255874616
0.8160000000000001 33.9916463608006
0.84 35.65321205501269
0.864 37.33378211417483
0.888 39.03316837913636
0.912 40.74845875821032
0.936 42.477936205785916
0.96 44.219488378261154
0.984 45.975596023154885
1.008 47.74303640952877
1.032 49.52043152761867
1.056 51.30936548840328
1.08 53.106604730419726
1.104 54.907866339694415
1.1280000000000001 56.71918823435109
1.1520000000000001 58.53462131817254
1.176 60.3527309182314
1.2 62.173166600574724
1.224 63.994303518959406
1.248 65.81291682381675
1.272 67.63438453087213
1.296 69.45119314198385
1.32 71.26959618787849
1.344 73.08392659506052
1.368 74.89315033659186
1.3920000000000001 76.6959474814592
1.416 78.49045310086758
1.44 80.27854510686059
1.464 82.06179608447565
1.488 83.83563845673305
1.512 85.59920561581525
1.536 87.35165312426011
1.56 89.09211572434602
1.584 90.81971462392126
1.608 92.53347011219964
1.6320000000000001 94.23186264038029
1.6560000000000001 95.91645656747758
1.68 97.58556257102323
1.704 99.23757044744207
1.728 100.86690705314878
1.752 102.48714086920941
1.776 104.08434257940526
1.8 105.6692741419343
1.824 107.24026892557133
1.848 108.79761463804225
1.872 110.33432534213145
1.8960000000000001 111.8502318876766
1.92 113.34426689817435
1.944 114.81556994238733
1.968 116.26292325659628
1.992 117.67793072483582
2.016 119.08722044646146
2.04 120.47178469811341
2.064 121.83200727743855
2.088 123.16942313202179
2.112 124.48077245822026
2.136 125.76556149514603
2.16 127.0220400897753
2.184 128.25495919526622
2.208 129.4647468034094
2.232 130.65470090869624
2.2560000000000002 131.81717220126174
2.2800000000000002 132.95179822238475
2.3040000000000003 134.05786044956488
2.328 135.13503669725063
2.352 136.18261373833008
2.376 137.19628447677962
2.4 138.18030121098542
2.424 139.15110973385987
2.448 140.0886768769833
2.472 141.00143866449102
2.496 141.87760682361696
2.52 142.74517821991782
2.544 143.581351503294
2.568 144.3813309252119
2.592 145.15865072455398
2.616 145.91603739600535
2.64 146.64295509216012
2.664 147.33907961501612
2.688 148.00307751724156
2.712 148.63849936283918
2.736 149.24523951941245
2.7600000000000002 149.8217497462404
2.7840000000000003 150.36724554405964
2.8080000000000003 150.88110207674077
2.832 151.36365532686165
2.856 151.8156398905819
2.88 152.2342860946727
2.904 152.6139127121699
2.928 152.96363954418402
2.952 153.307394936807
2.976 153.62049993146778
3.0 153.89324540455004
3.024 154.15283005265755
3.048 154.37818973234207
3.072 154.56552650105402
3.096 154.74050607237993
3.12 154.8729910409173
3.144 154.97544419752805
3.168 155.0924979947558
3.192 155.17939091564577
3.216 155.23433003183942
3.24 155.2519795862509
3.2640000000000002 155.23801251561616
3.2880000000000003 155.22945588991317
3.3120000000000003 155.1919137583166
3.336 155.1252189780742
3.36 155.02910247808592
3.384 154.90200571525241
3.408 154.7546557506354
3.432 154.57877515327428
3.456 154.37396271811053
3.48 154.13960107748693
3.504 153.87253235838466
3.528 153.57675009113737
3.552 153.22031677172833
3.576 152.89100179023842
3.6 152.5561125627081
3.624 152.2008559079918
3.648 151.8136538953503
3.672 151.40535032257415
3.696 150.9665897450425
3.72 150.47509382940567
3.744 150.01107498318785
3.7680000000000002 149.5664002501298
3.7920000000000003 149.09671593186033
3.8160000000000003 148.60147688125969
3.84 148.07935208392826
3.864 147.52617298380827
3.888 146.95074276118982
3.912 146.35543126071073
3.936 145.7526205637821
3.96 145.12553534801398
3.984 144.45506522198417
4.008 143.76993574444145
4.032 143.11988061621412
4.056 142.47302803617652
4.08 141.7964926111961
4.104 141.10106325226295
4.128 140.368907900203
4.152 139.66126813295134
4.176 138.931777015107
4.2 138.14163796258708
4.224 137.4158928821057
4.248 136.68420642604136
4.272 135.9330718880545
4.296 135.1625039377778
4.32 134.37220217236836
4.344 133.5612117354779
4.368 132.72509219075752
4.392 131.87672224817084
4.416 130.99542373957647
4.44 130.13800892166248
4.464 129.2731399168566
4.488 128.3903318246842
4.5120000000000005 127.48819581469509
4.5360000000000005 126.56065932325502
4.5600000000000005 125.6123996073258
4.5840000000000005 124.6872089200309
4.6080000000000005 123.73541564454771
4.632 122.7837816665623
4.656 121.82665734408809
4.68 120.85355840536329
4.704 119.87261976686113
4.728 118.8695931476163
4.752 117.82958425312387
4.776 116.81749392088857
4.8 115.76487953551636
4.824 114.72921008643699
4.848 113.715644576139
4.872 112.65067405139021
4.896 111.66375302091431
4.92 110.6837926413916
4.944 109.7246718980627
4.968 108.75368427550829
4.992 107.77033677273512
5.016 106.77400898106455
5.04 105.76000376411629
5.064 104.7294740470098
5.088 103.69626455705419
5.112 102.69773056645342
5.136 101.68860253853096
5.16 100.66548065086938
5.184 99.63461096018598
5.208 98.56320551170347
5.232 97.55061959855016
5.256 96.52964538300107
5.28 95.50138267236733
5.304 94.46471711397804
5.328 93.41875130883277
5.352 92.3606404834556
5.376 91.28706977652632
5.4 90.19068658869041
5.424 89.1359422591294
5.448 88.07787508332468
5.472 87.03105329019253
5.496 85.95304908763299
5.5200000000000005 84.87735126802531
5.5440000000000005 83.83043416197228
5.5680000000000005 82.77390122507637
5.5920000000000005 81.74326714349897
5.6160000000000005 80.77982008557849
5.64 79.80749164480798
5.664 78.82596644871288
5.688 77.84556500781797
5.712 76.83212613448579
5.736 75.8699354126932
5.76 74.88897268680311
5.784 73.93490653820986
5.808 72.99685443623795
5.832 72.05041127145317
5.856 71.08776087832689
5.88 70.06363457830403
5.904 69.16859658434922
5.928 68.27755610866045
5.952 67.38325476673009
5.976 66.48821388333131
6.0 65.58973182284714
6.024 64.68599364988066
6.048 63.77372449897513
6.072 62.837446364909106
6.096 61.94278177757488
6.12 61.07806155075865
6.144 60.21160843453784
6.168 59.34297578364701
6.192 58.471307495758666
6.216 57.59438486857778
6.24 56.706034392743
6.264 55.76795654233145
6.288 54.91974660322063
6.312 54.01434962271573
6.336 53.22271024699529
6.36 52.4348717971014
6.384 51.641950903703396
6.408 50.86563768549806
6.432 50.084819851311316
6.456 49.281581166772156
6.48 48.51532799303111
6.5040000000000004 47.76569336708009
6.5280000000000005 47.0119781412353
6.5520000000000005 46.2506208426888
6.5760000000000005 45.486995694312945
6.6000000000000005 44.68356842542883
6.6240000000000006 43.99502397832107
6.648000000000001 43.304024388407825
6.672 42.60351938799189
6.696 41.90381418937601
6.72 41.224655389028534
6.744 40.5273463563506
6.768 39.84928398069268
6.792 39.202307770476715
6.816 38.506581810907726
6.84 37.91123354443739
6.864 37.31437267063933
6.888 36.71482044198445
6.912 36.10786218820423
6.936 35.4857937321791
6.96 34.80265075735218
6.984 34.270547995918605
7.008 33.74294948445716
7.032 33.1948608268061
7.056 32.68319037387828
7.08 32.190854898532756
7.104 31.697111262744638
7.128 31.194994899382234
7.152 30.715668670231405
7.176 30.232975134165937
7.2 29.757484331841663
7.224 29.28807794319798
7.248 28.820374910539687
7.272 28.354782410194073
7.296 27.891599815177127
7.32 27.429635343140152
7.344 26.96879293773018
7.368 26.50887382997901
7.392 26.049508723481328
7.416 25.589962403796683
7.44 25.128724715035073
7.464 24.66140286261105
7.488 24.171783322073146
7.5120000000000005 23.734620453727327
7.5360000000000005 23.288065149870494
7.5600000000000005 22.834181622053425
7.5840000000000005 22.260576379461614
7.6080000000000005 21.919768780537726
7.632000000000001 21.584684955028088
7.656000000000001 21.254137039807308
7.68 20.924424874771915
7.704 20.593823987736112
7.728 20.26055369349345
7.752 19.90515833695273
7.776 19.59592270122608
7.8 19.288561477779727
7.824 18.98220738205463
7.848 18.675253421794704
7.872 18.37191886152712
7.896 18.068287709471452
7.92 17.76367211445454
7.944 17.457124756660395
7.968 17.14712212232763
7.992 16.83496133868773
8.016 16.54875617058158
8.040000000000001 16.27604921060685
8.064 16.00882992560429
8.088000000000001 15.742526321039238
8.112 15.477155100285334
8.136000000000001 15.212692360167962
8.16 14.948970980790168
8.184000000000001 14.685423682097346
8.208 14.425544999582561
8.232 14.166751943264762
8.256 13.909016019062664
8.28 13.652272725848002
8.304 13.396397817903932
8.328 13.141154967172165
8.352 12.886381556223636
8.376 12.631360379793868
8.4 12.374970414932475
8.424 12.114774855487443
8.448 11.84341191525208
8.472 11.536212475266678
8.496 11.304828178217397
8.52 11.114504475434543
8.544 10.92364862043459
8.568 10.736641172873702
8.592 10.550023323848894
8.616 10.3636474742228
8.64 10.177220507469215
8.664 9.990146702897704
8.688 9.800864871250939
8.712 9.601514044203054
8.736 9.413691788116267
8.76 9.248301449244043
8.784 9.084109596486643
8.808 8.92309869364054
8.832 8.762403685520606
8.856 8.60155880502773
8.88 8.436965310120652
8.904 8.282427490653438
8.928 8.128598170768344
8.952 7.975503292882921
8.976 7.823155647521973
9.0 7.671496723895465
9.024000000000001 7.520977648202342
9.048 7.371330746697634
9.072000000000001 7.22258322409524
9.096 7.074764225284015
9.120000000000001 6.927897985855466
9.144 6.782006140850452
9.168000000000001 6.637104079877288
9.192 6.493194034382832
9.216000000000001 6.350225957429514
9.24 6.208303638715048
9.264 6.067644784060686
9.288 5.927891002507886
9.312 5.788840343848709
9.336 5.649846400522605
9.36 5.506794121951195
9.384 5.376673345154374
9.408 5.247301593597603
9.432 5.119199345302483
9.456 4.99326987916253
9.48 4.8683847165493175
9.504 4.744424209519216
9.528 4.621286867198839
9.552 4.497684977339286
9.576 4.375323993101782
9.6 4.2549971068973385
9.624 4.140596520411502
9.648 4.026573400530259
9.672 3.9124415640722887
9.696 3.7972938943115837
9.72 3.6790901401501745
9.744 3.551430954107987
9.768 3.4054943869542087
9.792 3.296601118030515
9.816 3.2348039036483525
9.84 3.173704548102273
9.864 3.112572742704825
9.888 3.0508716193923044
9.912 2.9840472102481708
9.936 2.929109566672858
9.96 2.874451553491663
9.984 2.8203901655994312
10.008000000000001 2.766688630457645
10.032 2.713371527082419
10.056000000000001 2.6604196338677855
10.08 2.607836792181462
10.104000000000001 2.555630010743119
10.128 2.5037956650500766
10.152000000000001 2.4523297050949244
10.176 2.4012222129353624
10.200000000000001 2.350453743447678
10.224 2.29998758747455
10.248 2.2497485491206803
10.272 2.1995675925897697
10.296 2.14833856044446
10.32 2.09970762296219
10.344 2.0519971098855696
10.368 2.004144621850929
10.392 1.9557323634894959
10.416 1.9057305743198008
10.44 1.849685006633359
10.464 1.7961175286336823
10.488 1.7644694120769322
10.512 1.7329773773667654
10.536 1.701645947535915
10.56 1.6704794640617324
10.584 1.6394807883848324
10.608 1.6086556026133847
10.632 1.5780022710832888
10.656 1.5474849730463542
10.68 1.51724732231907
10.704 1.4871954515538244
10.728 1.4573389378939847
10.752 1.4276763805217088
10.776 1.398206053466953
10.8 1.3689256105973624
10.824 1.3398366990533783
10.848 1.3109296026617894
10.872 1.2821936670189096
10.896 1.2536115533407017
10.92 1.2251552134426384
10.944 1.1967780522815699
10.968 1.1684006073099404
10.992 1.1398676997145323
11.016 1.1108083883610296
11.040000000000001 1.0803817529057502
11.064 1.044034574745508
11.088000000000001 1.0214467061543304
11.112 1.0014813232111106
11.136000000000001 0.9816006933849374
11.16 0.9617905652423109
11.184000000000001 0.9421278543102679
11.208 0.922558567876853
11.232000000000001 0.9031012541349862
11.256 0.8837501313023388
11.28 0.8645068909327476
11.304 0.8453745838969138
11.328 0.8263562557527145
11.352 0.8074549411039972
11.376 0.7886736556110804
11.4 0.7700153842273744
11.424 0.7514830630489994
11.448 0.7330795496543548
11.472 0.714807571016718
11.496 0.6966696230888015
11.52 0.678667750989394
11.544 0.6608029685239948
11.568 0.6430731435514594
11.592 0.6254545881643581
11.616 0.6080279548552232
11.64 0.5908222242434935
11.664 0.5737699261059462
11.688 0.5568685791755232
11.712 0.540142805578977
11.736 0.5235792787362187
11.76 0.5071801148432754
11.784 0.4909471349845125
11.808 0.4748813190063649
11.832 0.45898300008734794
11.856 0.44325124295103013
11.88 0.4276829011294887
11.904 0.4122711303158296
11.928 0.397002140613814
11.952 0.3818356328674148
11.976 0.366525779549732
